nios2-terminal: connected to hardware target using JTAG UART on cable
nios2-terminal: "USB-Blaster [USB-0]", device 1, instance 0
nios2-terminal: (Use the IDE stop button or Ctrl-C to terminate)

Interrupt method selected
Please, press PB0 to continue, or change switch position and press PB1
2, 1, 0, 22, 49731, 0
4, 2, 0, 6, 33724, 2535
6, 3, 0, 23, 57462, 125
8, 4, 0, 27, 64965, 4
10, 5, 0, 31, 31363, 0
12, 6, 0, 24, 6888, 0
14, 7, 0, 9, 52860, 0
16, 8, 0, 30, 41055, 0
18, 9, 0, 28, 29723, 0
20, 10, 0, 33, 19633, 0
22, 11, 0, 26, 12651, 0
24, 12, 0, 17, 4902, 0
26, 13, 0, 35, 528, 0
28, 14, 0, 34, 61269, 0
30, 15, 0, 53, 56354, 0
32, 16, 0, 31, 51859, 0
34, 17, 0, 27, 49867, 0
36, 18, 0, 43, 46814, 0
38, 19, 0, 52, 44912, 0
40, 20, 0, 56, 41442, 0
42, 21, 0, 37, 39517, 0
44, 22, 0, 59, 36864, 0
46, 23, 0, 61, 35757, 0
48, 24, 0, 61, 35108, 0
50, 25, 0, 57, 31872, 0
52, 26, 0, 38, 31080, 0
54, 27, 0, 53, 29792, 0
56, 28, 0, 71, 27491, 0
58, 29, 0, 72, 27298, 0
60, 30, 0, 48, 25930, 0
62, 31, 0, 73, 24378, 0
64, 32, 0, 83, 24227, 0
66, 33, 34, 76, 22964, 0
68, 34, 1, 77, 22999, 0
70, 35, 31, 61, 21064, 0
72, 36, 92, 73, 25265, 0
74, 37, 486, 69, 20084, 0
76, 38, 95, 62, 18907, 0
78, 39, 1, 60, 18084, 0
80, 40, 120, 69, 18635, 0
82, 41, 1, 66, 17098, 0
84, 42, 348, 82, 19509, 0
86, 43, 160, 90, 15863, 0
88, 44, 302, 88, 17589, 0
90, 45, 255, 78, 16564, 0
92, 46, 174, 73, 15305, 0
94, 47, 124, 100, 14151, 0
96, 48, 2, 85, 13711, 0
98, 49, 290, 87, 13464, 0
100, 50, 596, 77, 13179, 0
102, 51, 874, 64, 12915, 0
104, 52, 1121, 76, 12671, 0
106, 53, 1401, 86, 12440, 0
108, 54, 1660, 71, 14967, 0
110, 55, 1895, 101, 17588, 0
112, 56, 2111, 107, 12696, 0
114, 57, 343, 107, 10006, 0
116, 58, 118, 117, 10254, 0
118, 59, 325, 108, 10123, 0
120, 60, 561, 116, 9957, 0
122, 61, 782, 89, 9809, 0
124, 62, 1012, 94, 9630, 0
126, 63, 1211, 92, 9472, 0
128, 64, 1444, 116, 10227, 0
130, 65, 703, 107, 8589, 0
132, 66, 898, 124, 8632, 0
134, 67, 1101, 133, 8886, 0
136, 68, 778, 125, 8769, 0
138, 69, 664, 125, 9029, 0
140, 70, 391, 135, 8069, 0
142, 71, 256, 126, 7243, 0
144, 72, 38, 133, 6991, 0
146, 73, 110, 108, 6868, 0
148, 74, 303, 122, 6776, 0
150, 75, 503, 106, 6685, 0
152, 76, 690, 106, 6601, 0
154, 77, 887, 108, 6513, 0
156, 78, 1043, 107, 6454, 0
158, 79, 1201, 119, 6342, 0
160, 80, 1408, 120, 6267, 0
162, 81, 1569, 138, 6200, 0
164, 82, 1731, 106, 6124, 0
166, 83, 1907, 110, 6041, 0
168, 84, 2004, 106, 5992, 0
170, 85, 2211, 107, 5898, 0
172, 86, 2386, 119, 5835, 0
174, 87, 2523, 118, 5769, 0
176, 88, 2668, 106, 5700, 0
178, 89, 2734, 120, 5635, 0
180, 90, 2885, 118, 5592, 0
182, 91, 3040, 104, 5513, 0
184, 92, 3171, 106, 5442, 0
186, 93, 3326, 119, 5404, 0
188, 94, 3403, 103, 5332, 0
190, 95, 3541, 119, 5282, 0
192, 96, 3635, 121, 5253, 0
194, 97, 3748, 119, 5167, 0
196, 98, 3873, 102, 5122, 0
198, 99, 4013, 118, 5081, 0
200, 100, 4113, 119, 5020, 0
202, 101, 4184, 103, 4989, 0
204, 102, 4351, 102, 4932, 0
206, 103, 4511, 118, 4872, 0
208, 104, 4619, 131, 4813, 0
210, 105, 4704, 117, 4760, 0
212, 106, 4768, 132, 4721, 0
214, 107, 4852, 104, 4702, 0
216, 108, 5004, 120, 4640, 0
218, 109, 5098, 172, 7420, 0
220, 110, 5209, 188, 8398, 0
222, 111, 5302, 213, 8811, 0
224, 112, 5386, 217, 5692, 0
226, 113, 5450, 221, 5234, 0
228, 114, 2387, 189, 2495, 0
230, 115, 2360, 157, 2383, 0
232, 116, 2526, 166, 2647, 0
234, 117, 2589, 179, 2829, 0
236, 118, 2726, 165, 2882, 0
238, 119, 2802, 157, 2890, 0
240, 120, 2916, 176, 2840, 0
242, 121, 3014, 177, 2816, 0
244, 122, 3132, 159, 2801, 0
246, 123, 3234, 173, 2769, 0
248, 124, 3251, 151, 2715, 0
250, 125, 3415, 150, 2716, 0
252, 126, 3503, 158, 2700, 0
254, 127, 3617, 169, 2682, 0
256, 128, 3710, 233, 4716, 0
258, 129, 3787, 242, 3600, 0
260, 130, 2343, 227, 2308, 0
262, 131, 2265, 215, 1704, 0
264, 132, 2567, 216, 1919, 0
266, 133, 2712, 173, 1944, 0
268, 134, 2818, 211, 3094, 0
270, 135, 2896, 247, 2158, 0
272, 136, 1604, 210, 1192, 0
274, 137, 2256, 235, 2563, 0
276, 138, 921, 232, 684, 0
278, 139, 1856, 245, 2297, 0
280, 140, 1160, 250, 1437, 0
282, 141, 995, 241, 1225, 0
284, 142, 473, 242, 388, 0
286, 143, 588, 249, 431, 0
288, 144, 73, 255, 124, 0
290, 145, 45, 262, 122, 0
292, 146, 23, 220, 127, 0
294, 147, 135, 219, 123, 0
296, 148, 250, 228, 152, 0
298, 149, 338, 219, 122, 0
300, 150, 480, 227, 123, 0
302, 151, 544, 220, 126, 0
304, 152, 642, 227, 127, 0
306, 153, 731, 227, 164, 0
308, 154, 919, 227, 121, 0
310, 155, 921, 227, 117, 0
312, 156, 1001, 227, 108, 0
314, 157, 1074, 227, 103, 0
316, 158, 1145, 227, 100, 0
318, 159, 1206, 227, 117, 0
320, 160, 1339, 227, 99, 0
322, 161, 1419, 227, 97, 0
324, 162, 1496, 227, 99, 0
326, 163, 1580, 226, 101, 0
328, 164, 1686, 226, 102, 0
330, 165, 1734, 227, 133, 0
332, 166, 1830, 227, 95, 0
334, 167, 1919, 227, 94, 0
336, 168, 1932, 227, 93, 0
338, 169, 2025, 227, 91, 0
340, 170, 2132, 227, 94, 0
342, 171, 2209, 227, 117, 0
344, 172, 2261, 227, 92, 0
346, 173, 2388, 227, 87, 0
348, 174, 2432, 227, 86, 0
350, 175, 2521, 227, 85, 0
352, 176, 2581, 227, 107, 0
354, 177, 2670, 227, 83, 0
356, 178, 2719, 227, 83, 0
358, 179, 2728, 231, 83, 0
360, 180, 2854, 227, 83, 0
362, 181, 2927, 227, 83, 0
364, 182, 2983, 227, 103, 0
366, 183, 3059, 227, 83, 0
368, 184, 3142, 227, 82, 0
370, 185, 3200, 227, 84, 0
372, 186, 3284, 227, 82, 0
374, 187, 3347, 227, 83, 0
376, 188, 3426, 227, 104, 0
378, 189, 3434, 227, 82, 0
380, 190, 3509, 234, 82, 0
382, 191, 3564, 227, 82, 0
384, 192, 3623, 253, 81, 0
386, 193, 3686, 227, 83, 0
388, 194, 3743, 227, 99, 0
390, 195, 3787, 227, 83, 0
392, 196, 3861, 227, 82, 0
394, 197, 3892, 227, 85, 0
396, 198, 3943, 227, 82, 0
398, 199, 4037, 227, 82, 0
400, 200, 4048, 227, 102, 0
402, 201, 4151, 227, 82, 0
404, 202, 4191, 227, 81, 0
406, 203, 4257, 227, 86, 0
408, 204, 4315, 227, 88, 0
410, 205, 4375, 227, 88, 0
412, 206, 4446, 227, 104, 0
414, 207, 4554, 227, 84, 0
416, 208, 4683, 227, 77, 0
418, 209, 4654, 227, 69, 0
420, 210, 4681, 227, 64, 0
422, 211, 4724, 227, 82, 0
424, 212, 4767, 227, 62, 0
426, 213, 4799, 227, 63, 0
428, 214, 4854, 227, 63, 0
430, 215, 4893, 227, 64, 0
432, 216, 4972, 227, 63, 0
434, 217, 5004, 227, 80, 0
436, 218, 5088, 227, 64, 0
438, 219, 5122, 227, 64, 0
440, 220, 5176, 227, 67, 0
442, 221, 5233, 227, 67, 0
444, 222, 5280, 227, 66, 0
446, 223, 5297, 227, 78, 0
448, 224, 5395, 227, 63, 0
450, 225, 5398, 227, 63, 0
452, 226, 5438, 227, 57, 0
454, 227, 5490, 227, 59, 0
456, 228, 5536, 227, 58, 0
458, 229, 5536, 227, 81, 0
460, 230, 5627, 227, 56, 0
462, 231, 5662, 227, 56, 0
464, 232, 5702, 227, 56, 0
466, 233, 5740, 227, 55, 0
468, 234, 5805, 227, 55, 0
470, 235, 5801, 227, 71, 0
472, 236, 5872, 227, 53, 0
474, 237, 5916, 227, 56, 0
476, 238, 5951, 227, 56, 0
478, 239, 6013, 227, 55, 0
480, 240, 6038, 227, 68, 0
482, 241, 6093, 227, 51, 0
484, 242, 6122, 227, 53, 0
486, 243, 6155, 227, 51, 0
488, 244, 6178, 227, 47, 0
490, 245, 6230, 227, 54, 0
492, 246, 6256, 227, 64, 0
494, 247, 6295, 227, 51, 0
496, 248, 6355, 264, 49, 0
498, 249, 6355, 227, 44, 0
500, 250, 6465, 227, 50, 0
502, 251, 6464, 227, 48, 0
504, 252, 6463, 227, 61, 0
506, 253, 6533, 227, 49, 0
508, 254, 6562, 227, 47, 0
510, 255, 6604, 227, 45, 0
512, 256, 6644, 227, 49, 0
514, 257, 6670, 227, 50, 0
516, 258, 6679, 227, 63, 0
518, 259, 6745, 227, 46, 0
520, 260, 6788, 227, 45, 0
522, 261, 6814, 227, 45, 0
524, 262, 6845, 227, 43, 0
526, 263, 6877, 227, 44, 0
528, 264, 6874, 227, 60, 0
530, 265, 6924, 227, 42, 0
532, 266, 6959, 249, 42, 0
534, 267, 6995, 227, 43, 0
536, 268, 7037, 241, 41, 0
538, 269, 7083, 227, 55, 0
540, 270, 7198, 243, 41, 0
542, 271, 7173, 227, 41, 0
544, 272, 7219, 234, 43, 0
546, 273, 7233, 227, 42, 0
548, 274, 7248, 233, 43, 0
550, 275, 7237, 227, 53, 0
552, 276, 7294, 230, 42, 0
554, 277, 7313, 227, 41, 0
556, 278, 7358, 229, 42, 0
558, 279, 7385, 227, 41, 0
560, 280, 7410, 232, 42, 0
562, 281, 7418, 227, 54, 0
564, 282, 7484, 227, 41, 0
566, 283, 7520, 227, 42, 0
568, 284, 7539, 231, 43, 0
570, 285, 7573, 227, 41, 0
572, 286, 7605, 227, 42, 0
574, 287, 7591, 227, 54, 0
576, 288, 7658, 228, 41, 0
578, 289, 7689, 227, 41, 0
580, 290, 7718, 227, 42, 0
582, 291, 7746, 227, 42, 0
584, 292, 7747, 228, 53, 0
586, 293, 7805, 227, 41, 0
588, 294, 7827, 228, 44, 0
590, 295, 7851, 227, 41, 0
592, 296, 7887, 227, 41, 0
594, 297, 7910, 227, 41, 0
596, 298, 7900, 229, 53, 0
598, 299, 7959, 227, 40, 0
600, 300, 7980, 227, 41, 0
602, 301, 8026, 227, 42, 0
604, 302, 8061, 227, 41, 0
606, 303, 8082, 227, 42, 0
608, 304, 8047, 227, 58, 0
610, 305, 8118, 227, 42, 0
612, 306, 8131, 227, 43, 0
614, 307, 8166, 227, 47, 0
616, 308, 8199, 227, 41, 0
618, 309, 8203, 227, 45, 0
620, 310, 8202, 227, 55, 0
622, 311, 8265, 227, 41, 0
624, 312, 8321, 227, 41, 0
626, 313, 8316, 227, 37, 0
628, 314, 8323, 227, 34, 0
630, 315, 8349, 227, 35, 0
632, 316, 8308, 227, 51, 0
634, 317, 8398, 227, 30, 0
636, 318, 8406, 227, 30, 0
638, 319, 8431, 227, 31, 0
640, 320, 8454, 227, 30, 0
642, 321, 8444, 227, 42, 0
644, 322, 8499, 227, 25, 0
646, 323, 8522, 227, 29, 0
648, 324, 8545, 227, 29, 0
650, 325, 8564, 227, 28, 0
652, 326, 8589, 227, 31, 0
654, 327, 8571, 227, 42, 0
656, 328, 8625, 227, 35, 0
658, 329, 8651, 241, 31, 0
660, 330, 8680, 227, 33, 0
662, 331, 8732, 270, 32, 0
664, 332, 8790, 231, 29, 0
666, 333, 8731, 253, 38, 0
668, 334, 8801, 227, 26, 0
670, 335, 8805, 235, 27, 0
672, 336, 8815, 227, 30, 0
674, 337, 8823, 241, 29, 0
676, 338, 8838, 227, 27, 0
678, 339, 8799, 241, 36, 0
680, 340, 8882, 227, 25, 0
682, 341, 8895, 234, 26, 0
684, 342, 8920, 227, 28, 0
686, 343, 8935, 230, 25, 0
688, 344, 8959, 227, 26, 0
690, 345, 8936, 232, 35, 0
692, 346, 9002, 227, 24, 0
694, 347, 9018, 229, 25, 0
696, 348, 9043, 227, 26, 0
698, 349, 9062, 228, 24, 0
700, 350, 9041, 227, 33, 0
702, 351, 9100, 229, 25, 0
704, 352, 9122, 227, 23, 0
706, 353, 9133, 228, 23, 0
708, 354, 9160, 227, 23, 0
710, 355, 9171, 227, 25, 0
712, 356, 9148, 227, 30, 0
714, 357, 9208, 227, 24, 0
716, 358, 9235, 227, 23, 0
718, 359, 9238, 227, 19, 0
720, 360, 9258, 227, 21, 0
722, 361, 9276, 227, 21, 0
724, 362, 9256, 227, 32, 0
726, 363, 9319, 227, 20, 0
728, 364, 9356, 227, 20, 0
730, 365, 9355, 227, 20, 0
732, 366, 9373, 227, 23, 0
734, 367, 9379, 227, 20, 0
736, 368, 9346, 227, 28, 0
738, 369, 9414, 227, 20, 0
740, 370, 9446, 227, 23, 0
742, 371, 9448, 227, 22, 0
744, 372, 9471, 227, 20, 0
746, 373, 9441, 228, 29, 0
748, 374, 9543, 227, 27, 0
750, 375, 9518, 227, 18, 0
752, 376, 9535, 227, 20, 0
754, 377, 9553, 227, 21, 0
756, 378, 9570, 227, 22, 0
758, 379, 9534, 227, 32, 0
760, 380, 9603, 227, 18, 0
762, 381, 9611, 227, 16, 0
764, 382, 9635, 227, 18, 0
766, 383, 9648, 227, 20, 0
768, 384, 9665, 227, 15, 0
770, 385, 9640, 227, 29, 0
772, 386, 9699, 227, 17, 0
774, 387, 9709, 227, 17, 0
776, 388, 9724, 264, 17, 0
778, 389, 9737, 227, 18, 0
780, 390, 9746, 270, 19, 0
782, 391, 9709, 227, 27, 0
784, 392, 9784, 264, 15, 0
786, 393, 9832, 227, 17, 0
788, 394, 9874, 253, 16, 0
790, 395, 9859, 227, 18, 0
792, 396, 9888, 282, 17, 0
794, 397, 9823, 227, 26, 0
796, 398, 9887, 259, 15, 0
798, 399, 9874, 227, 2, 0
800, 400, 9903, 227, 16, 0
802, 401, 9905, 227, 16, 0
804, 402, 9880, 227, 19, 0
806, 403, 9941, 227, 12, 0
808, 404, 9958, 255, 12, 0
810, 405, 9974, 227, 15, 0
812, 406, 9994, 242, 16, 0
814, 407, 10012, 227, 16, 0
816, 408, 9980, 245, 20, 0
818, 409, 10039, 227, 14, 0
820, 410, 10053, 232, 15, 0
822, 411, 10065, 227, 13, 0
824, 412, 10066, 230, 11, 0
826, 413, 10093, 227, 13, 0
828, 414, 10065, 237, 25, 0
830, 415, 10116, 227, 11, 0
832, 416, 10139, 232, 15, 0
834, 417, 10141, 227, 12, 0
836, 418, 10159, 227, 14, 0
838, 419, 10167, 227, 12, 0
840, 420, 10136, 227, 23, 0
842, 421, 10202, 227, 13, 0
844, 422, 10208, 227, 14, 0
846, 423, 10212, 227, 8, 0
848, 424, 10231, 227, 12, 0
850, 425, 10253, 227, 12, 0
852, 426, 10231, 227, 23, 0
854, 427, 10285, 227, 12, 0
856, 428, 10292, 227, 13, 0
858, 429, 10301, 227, 12, 0
860, 430, 10275, 227, 2, 0
862, 431, 10284, 227, 20, 0
864, 432, 10341, 227, 11, 0
866, 433, 10345, 356, 11, 0
868, 434, 10362, 227, 11, 0
870, 435, 10378, 239, 13, 0
872, 436, 10408, 227, 10, 0
874, 437, 10366, 267, 19, 0
876, 438, 10413, 227, 10, 0
878, 439, 10418, 237, 8, 0
880, 440, 10434, 227, 10, 0
882, 441, 10449, 248, 11, 0
884, 442, 10458, 227, 9, 0
886, 443, 10424, 231, 16, 0
888, 444, 10483, 227, 9, 0
890, 445, 10498, 240, 11, 0
892, 446, 10505, 227, 8, 0
894, 447, 10513, 252, 9, 0
896, 448, 10531, 227, 8, 0
898, 449, 10488, 243, 21, 0
900, 450, 10553, 227, 9, 0
902, 451, 10559, 251, 10, 0
904, 452, 10559, 227, 7, 0
906, 453, 10581, 239, 11, 0
908, 454, 10538, 227, 19, 0
910, 455, 10633, 239, 8, 0
912, 456, 10674, 229, 9, 0
914, 457, 10649, 239, 8, 0
916, 458, 10673, 227, 10, 0
918, 459, 10670, 238, 9, 0
920, 460, 10626, 227, 14, 0
922, 461, 10677, 228, 10, 0
924, 462, 10662, 227, 1, 0
926, 463, 10682, 227, 8, 0
928, 464, 10698, 227, 8, 0
930, 465, 10711, 237, 8, 0
932, 466, 10659, 227, 21, 0
934, 467, 10733, 258, 8, 0
936, 468, 10747, 227, 6, 0
938, 469, 10757, 228, 10, 0
940, 470, 10772, 227, 8, 0
942, 471, 10768, 235, 5, 0
944, 472, 10745, 227, 13, 0
946, 473, 10800, 227, 5, 0
948, 474, 10807, 227, 4, 0
950, 475, 10821, 227, 7, 0
952, 476, 10828, 227, 7, 0
954, 477, 10845, 227, 8, 0
956, 478, 10805, 227, 10, 0
958, 479, 10853, 229, 3, 0
960, 480, 10870, 227, 5, 0
962, 481, 10876, 238, 6, 0
964, 482, 10899, 227, 7, 0
966, 483, 10902, 230, 5, 0
968, 484, 10851, 227, 12, 0
970, 485, 10922, 239, 7, 0
972, 486, 10936, 227, 10, 0
974, 487, 10949, 229, 6, 0
976, 488, 10969, 227, 6, 0
978, 489, 10969, 244, 9, 0
980, 490, 10915, 227, 12, 0
982, 491, 10973, 229, 3, 0
984, 492, 10985, 227, 4, 0
986, 493, 11002, 230, 9, 0
988, 494, 11023, 227, 10, 0
990, 495, 10973, 236, 13, 0
992, 496, 11028, 227, 3, 0
994, 497, 11031, 231, 1, 0
996, 498, 11066, 227, 4, 0
998, 499, 11046, 230, 0, 0
1000, 500, 11061, 227, 1, 0
1002, 501, 11022, 227, 8, 0
1004, 502, 11087, 227, 4, 0
1006, 503, 11092, 233, 3, 0
1008, 504, 11093, 227, 0, 0
1010, 505, 11106, 227, 3, 0
1012, 506, 11118, 227, 4, 0
1014, 507, 11083, 249, 12, 0
1016, 508, 11140, 227, 3, 0
1018, 509, 11136, 244, 1, 0
1020, 510, 11156, 227, 4, 0
1022, 511, 11162, 228, 6, 0
1024, 512, 11168, 227, 2, 0
1026, 513, 11113, 227, 11, 0
1028, 514, 11182, 227, 2, 0
1030, 515, 11189, 227, 2, 0
1032, 516, 11207, 227, 2, 0
1034, 517, 11232, 228, 2, 0
1036, 518, 11217, 311, 7, 0
1038, 519, 11249, 230, 0, 0
1040, 520, 11270, 227, 4, 0
1042, 521, 11257, 227, 0, 0
1044, 522, 11268, 227, 2, 0
1046, 523, 11263, 228, 2, 0
1048, 524, 11222, 227, 6, 0
1050, 525, 11271, 232, 0, 0
1052, 526, 11289, 227, 1, 0
1054, 527, 11294, 227, 0, 0
1056, 528, 11298, 227, 0, 0
1058, 529, 11311, 228, 1, 0
1060, 530, 11278, 227, 7, 0
1062, 531, 11337, 230, 1, 0
1064, 532, 11345, 227, 0, 0
1066, 533, 11344, 227, 0, 0
1068, 534, 11359, 227, 0, 0
1070, 535, 11366, 227, 0, 0
1072, 536, 11326, 227, 5, 0
1074, 537, 11383, 227, 1, 0
1076, 538, 11388, 227, 0, 0
1078, 539, 11394, 234, 0, 0
1080, 540, 11410, 227, 1, 0
1082, 541, 11414, 229, 0, 0
1084, 542, 11343, 227, 9, 0
1086, 543, 11428, 227, 0, 0
1088, 544, 11440, 227, 0, 0
1090, 545, 11443, 229, 1, 0
1092, 546, 11455, 227, 1, 0
1094, 547, 11415, 227, 7, 0
1096, 548, 11469, 227, 1, 0
1098, 549, 11485, 227, 0, 0
1100, 550, 11502, 227, 1, 0
1102, 551, 11498, 230, 0, 0
1104, 552, 11504, 227, 0, 0
1106, 553, 11461, 230, 7, 0
1108, 554, 11516, 227, 0, 0
1110, 555, 11524, 227, 0, 0
1112, 556, 11539, 227, 1, 0
1114, 557, 11534, 230, 0, 0
1116, 558, 11546, 227, 0, 0
1118, 559, 11501, 227, 5, 0
1120, 560, 11579, 227, 1, 0
1122, 561, 11572, 227, 1, 0
1124, 562, 11578, 227, 0, 0
1126, 563, 11582, 231, 0, 0
1128, 564, 11592, 227, 0, 0
1130, 565, 11533, 234, 5, 0
1132, 566, 11610, 227, 0, 0
1134, 567, 11608, 227, 1, 0
1136, 568, 11619, 227, 1, 0
1138, 569, 11631, 229, 1, 0
1140, 570, 11636, 227, 1, 0
1142, 571, 11585, 228, 8, 0
1144, 572, 11658, 227, 1, 0
1146, 573, 11654, 227, 0, 0
1148, 574, 11666, 227, 0, 0
1150, 575, 11665, 228, 0, 0
1152, 576, 11629, 227, 4, 0
1154, 577, 11680, 227, 0, 0
1156, 578, 11699, 227, 0, 0
1158, 579, 11720, 227, 0, 0
1160, 580, 11745, 227, 1, 0
1162, 581, 11731, 234, 0, 0
1164, 582, 11699, 227, 5, 0
1166, 583, 11742, 227, 1, 0
1168, 584, 11749, 227, 1, 0
1170, 585, 11740, 227, 0, 0
1172, 586, 11747, 227, 0, 0
1174, 587, 11743, 227, 0, 0
1176, 588, 11711, 227, 5, 0
1178, 589, 11769, 234, 0, 0
1180, 590, 11773, 227, 0, 0
1182, 591, 11783, 227, 0, 0
1184, 592, 11789, 227, 0, 0
1186, 593, 11798, 227, 1, 0
1188, 594, 11753, 227, 8, 0
1190, 595, 11811, 227, 0, 0
1192, 596, 11821, 227, 0, 0
1194, 597, 11823, 237, 0, 0
1196, 598, 11832, 227, 0, 0
1198, 599, 11769, 570, 6, 0
1200, 600, 11848, 227, 1, 0
1202, 601, 11855, 227, 0, 0
1204, 602, 11859, 227, 0, 0
1206, 603, 11864, 230, 0, 0
1208, 604, 11871, 227, 0, 0
1210, 605, 11826, 235, 6, 0
1212, 606, 11890, 227, 0, 0
1214, 607, 11887, 227, 0, 0
1216, 608, 11899, 227, 0, 0
1218, 609, 11898, 227, 0, 0
1220, 610, 11903, 227, 0, 0
1222, 611, 11871, 227, 5, 0
1224, 612, 11935, 227, 0, 0
1226, 613, 11935, 229, 0, 0
1228, 614, 11939, 227, 0, 0
1230, 615, 11938, 232, 1, 0
1232, 616, 11944, 227, 0, 0
1234, 617, 11900, 227, 5, 0
1236, 618, 11965, 227, 0, 0
1238, 619, 11958, 229, 0, 0
1240, 620, 11974, 227, 0, 0
1242, 621, 11977, 227, 1, 0
1244, 622, 11997, 227, 0, 0
1246, 623, 11922, 231, 5, 0
1248, 624, 11978, 227, 0, 0
1250, 625, 11997, 227, 0, 0
1252, 626, 12009, 227, 0, 0
1254, 627, 12016, 229, 2, 0
1256, 628, 11970, 227, 4, 0
1258, 629, 12026, 232, 0, 0
1260, 630, 12036, 291, 0, 0
1262, 631, 12040, 230, 0, 0
1264, 632, 12052, 227, 1, 0
1266, 633, 12048, 227, 0, 0
1268, 634, 12006, 227, 4, 0
1270, 635, 12064, 232, 1, 0
1272, 636, 12069, 240, 0, 0
1274, 637, 12069, 228, 0, 0
1276, 638, 12073, 227, 0, 0
1278, 639, 12077, 230, 0, 0
1280, 640, 12056, 290, 4, 0
1282, 641, 12117, 227, 0, 0
1284, 642, 12138, 231, 0, 0
1286, 643, 12125, 227, 0, 0
1288, 644, 12132, 227, 0, 0
1290, 645, 12135, 228, 0, 0
1292, 646, 12066, 227, 4, 0
1294, 647, 12134, 227, 1, 0
1296, 648, 12135, 227, 0, 0
1298, 649, 12130, 227, 0, 0
1300, 650, 12150, 227, 0, 0
1302, 651, 12103, 227, 6, 0
1304, 652, 12158, 227, 0, 0
1306, 653, 12166, 233, 0, 0
1308, 654, 12166, 227, 0, 0
1310, 655, 12177, 227, 1, 0
1312, 656, 12184, 227, 0, 0
1314, 657, 12140, 236, 4, 0
1316, 658, 12196, 227, 0, 0
1318, 659, 12198, 233, 0, 0
1320, 660, 12204, 227, 0, 0
1322, 661, 12208, 233, 0, 0
1324, 662, 12214, 227, 0, 0
1326, 663, 12158, 227, 4, 0
1328, 664, 12228, 227, 0, 0
1330, 665, 12230, 234, 0, 0
1332, 666, 12237, 227, 0, 0
1334, 667, 12241, 229, 1, 0
1336, 668, 12250, 227, 0, 0
1338, 669, 12184, 241, 5, 0
1340, 670, 12262, 227, 0, 0
1342, 671, 12260, 232, 0, 0
1344, 672, 12266, 227, 0, 0
1346, 673, 12277, 227, 0, 0
1348, 674, 12216, 227, 6, 0
1350, 675, 12289, 227, 0, 0
1352, 676, 12296, 227, 0, 0
1354, 677, 12295, 227, 1, 0
1356, 678, 12298, 227, 0, 0
1358, 679, 12298, 228, 0, 0
1360, 680, 12259, 227, 3, 0
1362, 681, 12310, 227, 0, 0
1364, 682, 12325, 227, 0, 0
1366, 683, 12324, 227, 0, 0
1368, 684, 12345, 227, 0, 0
1370, 685, 12334, 227, 0, 0
1372, 686, 12269, 227, 6, 0
1374, 687, 12346, 228, 0, 0
1376, 688, 12348, 227, 0, 0
1378, 689, 12351, 227, 0, 0
1380, 690, 12364, 227, 0, 0
1382, 691, 12363, 235, 0, 0
1384, 692, 12307, 227, 5, 0
1386, 693, 12372, 236, 0, 0
1388, 694, 12380, 227, 0, 0
1390, 695, 12383, 228, 0, 0
1392, 696, 12388, 227, 0, 0
1394, 697, 12338, 240, 3, 0
1396, 698, 12401, 227, 0, 0
1398, 699, 12396, 229, 0, 0
1400, 700, 12403, 227, 0, 0
1402, 701, 12404, 234, 0, 0
1404, 702, 12421, 227, 0, 0
1406, 703, 12384, 237, 3, 0
1408, 704, 12459, 228, 0, 0
1410, 705, 12447, 227, 0, 0
1412, 706, 12456, 227, 0, 0
1414, 707, 12453, 227, 0, 0
1416, 708, 12454, 227, 0, 0
1418, 709, 12395, 231, 4, 0
1420, 710, 12458, 227, 0, 0
1422, 711, 12453, 228, 0, 0
1424, 712, 12467, 292, 0, 0
1426, 713, 12476, 227, 0, 0
1428, 714, 12477, 297, 0, 0
1430, 715, 12428, 230, 4, 0
1432, 716, 12485, 287, 0, 0
1434, 717, 12491, 229, 0, 0
1436, 718, 12492, 227, 0, 0
1438, 719, 12498, 227, 0, 0
1440, 720, 12506, 227, 0, 0
1442, 721, 12448, 227, 5, 0
1444, 722, 12519, 227, 0, 0
1446, 723, 12517, 228, 0, 0
1448, 724, 12523, 227, 0, 0
1450, 725, 12527, 235, 0, 0
1452, 726, 12481, 227, 4, 0
1454, 727, 12538, 228, 0, 0
1456, 728, 12542, 227, 0, 0
1458, 729, 12542, 227, 0, 0
1460, 730, 12551, 227, 0, 0
1462, 731, 12553, 237, 0, 0
1464, 732, 12508, 227, 3, 0
1466, 733, 12561, 227, 0, 0
1468, 734, 12561, 268, 0, 0
1470, 735, 12578, 233, 0, 0
1472, 736, 12584, 227, 0, 0
1474, 737, 12589, 229, 0, 0
1476, 738, 12534, 227, 3, 0
1478, 739, 12591, 234, 0, 0
1480, 740, 12592, 227, 0, 0
1482, 741, 12592, 227, 0, 0
1484, 742, 12605, 227, 0, 0
1486, 743, 12598, 227, 0, 0
1488, 744, 12547, 227, 5, 0
1490, 745, 12612, 227, 0, 0
1492, 746, 12625, 227, 0, 0
1494, 747, 12622, 229, 0, 0
1496, 748, 12627, 227, 0, 0
1498, 749, 12569, 237, 5, 0
1500, 750, 12635, 227, 0, 0
1502, 751, 12640, 229, 0, 0
1504, 752, 12655, 227, 0, 0
1506, 753, 12644, 227, 0, 0
1508, 754, 12651, 227, 0, 0
1510, 755, 12595, 235, 2, 0
1512, 756, 12669, 227, 0, 0
1514, 757, 12663, 227, 0, 0
1516, 758, 12670, 262, 0, 0
1518, 759, 12671, 229, 0, 0
1520, 760, 12679, 227, 0, 0
1522, 761, 12607, 227, 6, 0
1524, 762, 12681, 234, 0, 0
1526, 763, 12683, 236, 0, 0
1528, 764, 12701, 227, 0, 0
1530, 765, 12706, 238, 0, 0
1532, 766, 12731, 228, 0, 0
1534, 767, 12654, 237, 5, 0
1536, 768, 12729, 227, 0, 0
1538, 769, 12720, 227, 0, 0
1540, 770, 12723, 227, 0, 0
1542, 771, 12721, 232, 0, 0
1544, 772, 12723, 227, 0, 0
1546, 773, 12653, 228, 5, 0
1548, 774, 12735, 227, 0, 0
1550, 775, 12733, 227, 0, 0
1552, 776, 12744, 227, 0, 0
1554, 777, 12741, 227, 0, 0
1556, 778, 12693, 227, 4, 0
1558, 779, 12759, 232, 0, 0
1560, 780, 12769, 232, 0, 0
1562, 781, 12758, 227, 0, 0
1564, 782, 12769, 227, 0, 0
1566, 783, 12766, 227, 0, 0
1568, 784, 12723, 227, 4, 0
1570, 785, 12777, 227, 0, 0
1572, 786, 12784, 230, 0, 0
1574, 787, 12792, 228, 0, 0
1576, 788, 12787, 241, 0, 0
1578, 789, 12795, 227, 0, 0
1580, 790, 12746, 251, 3, 0
1582, 791, 12802, 227, 0, 0
1584, 792, 12807, 273, 0, 0
1586, 793, 12808, 227, 0, 0
1588, 794, 12815, 237, 0, 0
1590, 795, 12813, 227, 0, 0
1592, 796, 12752, 227, 4, 0
1594, 797, 12828, 227, 0, 0
1596, 798, 12839, 232, 0, 0
1598, 799, 12846, 227, 0, 0
1600, 800, 12834, 227, 0, 0
1602, 801, 12783, 346, 3, 0
1604, 802, 12842, 232, 0, 0
1606, 803, 12847, 234, 0, 0
1608, 804, 12854, 232, 0, 0
1610, 805, 12847, 234, 0, 0
1612, 806, 12862, 234, 0, 0
1614, 807, 12806, 233, 4, 0
1616, 808, 12876, 232, 0, 0
1618, 809, 12869, 227, 0, 0
1620, 810, 12869, 260, 0, 0
1622, 811, 12874, 227, 0, 0
1624, 812, 12877, 277, 0, 0
1626, 813, 12827, 227, 2, 0
1628, 814, 12889, 240, 0, 0
1630, 815, 12885, 231, 0, 0
1632, 816, 12891, 236, 0, 0
1634, 817, 12891, 228, 0, 0
1636, 818, 12903, 230, 0, 0
1638, 819, 12829, 229, 5, 0
1640, 820, 12909, 235, 0, 0
1642, 821, 12905, 227, 0, 0
1644, 822, 12912, 232, 0, 0
1646, 823, 12913, 227, 0, 0
1648, 824, 12917, 232, 0, 0
1650, 825, 12847, 227, 3, 0
1652, 826, 12934, 228, 0, 0
1654, 827, 12942, 227, 0, 0
1656, 828, 12960, 238, 0, 0
1658, 829, 12951, 227, 0, 0
1660, 830, 12903, 255, 3, 0
1662, 831, 12959, 227, 0, 0
1664, 832, 12949, 227, 0, 0
1666, 833, 12955, 227, 0, 0
1668, 834, 12948, 233, 0, 0
1670, 835, 12955, 227, 0, 0
1672, 836, 12897, 227, 3, 0
1674, 837, 12962, 227, 0, 0
1676, 838, 12967, 229, 0, 0
1678, 839, 12965, 227, 0, 0
1680, 840, 12976, 229, 0, 0
1682, 841, 12975, 227, 0, 0
1684, 842, 12925, 232, 3, 0
1686, 843, 12986, 227, 0, 0
1688, 844, 12985, 232, 0, 0
1690, 845, 13000, 227, 0, 0
1692, 846, 12992, 227, 0, 0
1694, 847, 12999, 228, 0, 0
1696, 848, 12934, 241, 3, 0
1698, 849, 13005, 227, 0, 0
1700, 850, 13012, 227, 0, 0
1702, 851, 13014, 227, 0, 0
1704, 852, 13010, 227, 0, 0
1706, 853, 13018, 228, 0, 0
1708, 854, 12948, 227, 3, 0
1710, 855, 13030, 227, 0, 0
1712, 856, 13027, 227, 0, 0
1714, 857, 13027, 227, 0, 0
1716, 858, 13035, 238, 0, 0
1718, 859, 12984, 227, 3, 0
1720, 860, 13050, 227, 0, 0
1722, 861, 13049, 233, 0, 0
1724, 862, 13048, 232, 0, 0
1726, 863, 13053, 233, 0, 0
1728, 864, 13054, 227, 0, 0
1730, 865, 13008, 291, 3, 0
1732, 866, 13065, 227, 0, 0
1734, 867, 13063, 292, 0, 0
1736, 868, 13067, 227, 0, 0
1738, 869, 13066, 232, 0, 0
1740, 870, 13085, 227, 0, 0
1742, 871, 13022, 248, 3, 0
1744, 872, 13081, 227, 0, 0
1746, 873, 13083, 229, 0, 0
1748, 874, 13085, 227, 0, 0
1750, 875, 13087, 269, 0, 0
1752, 876, 13093, 227, 0, 0
1754, 877, 13020, 231, 2, 0
1756, 878, 13102, 227, 0, 0
1758, 879, 13097, 263, 0, 0
1760, 880, 13109, 227, 0, 0
1762, 881, 13101, 234, 0, 0
1764, 882, 13060, 248, 3, 0
1766, 883, 13113, 229, 0, 0
1768, 884, 13115, 229, 0, 0
1770, 885, 13112, 237, 0, 0
1772, 886, 13116, 227, 0, 0
1774, 887, 13122, 254, 0, 0
1776, 888, 13079, 234, 3, 0
1778, 889, 13143, 228, 0, 0
1780, 890, 13165, 230, 0, 0
1782, 891, 13146, 228, 0, 0
1784, 892, 13140, 227, 0, 0
1786, 893, 13152, 243, 0, 0
1788, 894, 13078, 227, 5, 0
1790, 895, 13153, 227, 0, 0
1792, 896, 13151, 227, 0, 0
1794, 897, 13147, 227, 0, 0
1796, 898, 13156, 229, 0, 0
1798, 899, 13158, 227, 0, 0
1800, 900, 13108, 227, 3, 0
1802, 901, 13161, 230, 0, 0
1804, 902, 13169, 227, 0, 0
1806, 903, 13174, 227, 0, 0
1808, 904, 13171, 227, 0, 0
1810, 905, 13175, 227, 0, 0
1812, 906, 13090, 228, 5, 0
1814, 907, 13186, 229, 0, 0
1816, 908, 13191, 227, 0, 0
1818, 909, 13188, 227, 0, 0
1820, 910, 13195, 229, 0, 0
1822, 911, 13133, 227, 2, 0
1824, 912, 13205, 227, 0, 0
1826, 913, 13204, 229, 0, 0
1828, 914, 13206, 227, 0, 0
1830, 915, 13198, 228, 0, 0
1832, 916, 13208, 227, 0, 0
1834, 917, 13152, 227, 2, 0
1836, 918, 13221, 227, 0, 0
1838, 919, 13220, 227, 0, 0
1840, 920, 13221, 233, 0, 0
1842, 921, 13224, 227, 0, 0
1844, 922, 13239, 238, 0, 0
1846, 923, 13175, 227, 2, 0
1848, 924, 13242, 231, 0, 0
1850, 925, 13249, 230, 0, 0
1852, 926, 13233, 232, 0, 0
1854, 927, 13238, 227, 0, 0
1856, 928, 13244, 232, 0, 0
1858, 929, 13179, 227, 3, 0
1860, 930, 13257, 231, 0, 0
1862, 931, 13247, 227, 0, 0
1864, 932, 13262, 267, 0, 0
1866, 933, 13255, 227, 0, 0
1868, 934, 13260, 241, 0, 0
1870, 935, 13193, 228, 2, 0
1872, 936, 13266, 290, 0, 0
1874, 937, 13273, 238, 0, 0
1876, 938, 13270, 312, 0, 0
1878, 939, 13271, 227, 0, 0
1880, 940, 13223, 245, 2, 0
1882, 941, 13279, 227, 0, 0
1884, 942, 13283, 231, 0, 0
1886, 943, 13284, 228, 0, 0
1888, 944, 13287, 231, 0, 0
1890, 945, 13290, 228, 0, 0
1892, 946, 13233, 231, 2, 0
1894, 947, 13295, 227, 0, 0
1896, 948, 13289, 234, 0, 0
1898, 949, 13296, 232, 0, 0
1900, 950, 13303, 261, 0, 0
1902, 951, 13319, 227, 0, 0
1904, 952, 13273, 229, 2, 0
1906, 953, 13323, 227, 0, 0
1908, 954, 13329, 230, 0, 0
1910, 955, 13328, 227, 0, 0
1912, 956, 13321, 229, 0, 0
1914, 957, 13321, 228, 0, 0
1916, 958, 13246, 229, 2, 0
1918, 959, 13322, 227, 0, 0
1920, 960, 13327, 228, 0, 0
1922, 961, 13324, 233, 0, 0
1924, 962, 13331, 251, 0, 0
1926, 963, 13282, 230, 3, 0
1928, 964, 13340, 229, 0, 0
1930, 965, 13343, 227, 0, 0
1932, 966, 13347, 227, 0, 0
1934, 967, 13351, 227, 0, 0
1936, 968, 13342, 251, 0, 0
1938, 969, 13299, 227, 2, 0
1940, 970, 13352, 227, 0, 0
1942, 971, 13359, 227, 0, 0
1944, 972, 13357, 227, 0, 0
1946, 973, 13356, 227, 0, 0
1948, 974, 13364, 227, 0, 0
1950, 975, 13309, 229, 2, 0
1952, 976, 13368, 227, 0, 0
1954, 977, 13373, 228, 0, 0
1956, 978, 13369, 229, 0, 0
1958, 979, 13378, 227, 0, 0
1960, 980, 13375, 228, 0, 0
1962, 981, 13317, 227, 3, 0
1964, 982, 13386, 227, 0, 0
1966, 983, 13390, 229, 0, 0
1968, 984, 13398, 227, 0, 0
1970, 985, 13397, 227, 0, 0
1972, 986, 13393, 237, 0, 0
1974, 987, 13329, 227, 2, 0
1976, 988, 13403, 227, 0, 0
1978, 989, 13406, 253, 0, 0
1980, 990, 13408, 227, 0, 0
1982, 991, 13411, 266, 0, 0
1984, 992, 13355, 227, 2, 0
1986, 993, 13418, 230, 0, 0
1988, 994, 13429, 232, 0, 0
1990, 995, 13419, 231, 0, 0
1992, 996, 13424, 227, 0, 0
1994, 997, 13420, 229, 0, 0
1996, 998, 13375, 234, 2, 0
1998, 999, 13446, 259, 0, 0
2000, 1000, 13436, 227, 0, 0
2002, 1001, 13433, 242, 0, 0
2004, 1002, 13435, 227, 0, 0
2006, 1003, 13439, 227, 0, 0
2008, 1004, 13381, 227, 2, 0
2010, 1005, 13442, 235, 0, 0
2012, 1006, 13447, 230, 0, 0
2014, 1007, 13442, 227, 0, 0
2016, 1008, 13451, 269, 0, 0
2018, 1009, 13451, 227, 0, 0
2020, 1010, 13374, 229, 1, 0
2022, 1011, 13459, 230, 0, 0
2024, 1012, 13459, 227, 0, 0
2026, 1013, 13474, 227, 0, 0
2028, 1014, 13479, 270, 0, 0
2030, 1015, 13475, 232, 0, 0
2032, 1016, 13479, 237, 0, 0
2034, 1017, 13479, 236, 0, 0
2036, 1018, 13476, 229, 0, 0
2038, 1019, 13474, 267, 0, 0
2040, 1020, 13469, 227, 0, 0
2042, 1021, 13414, 232, 2, 0
2044, 1022, 13475, 227, 0, 0
2046, 1023, 13481, 235, 0, 0
2048, 1024, 13482, 238, 0, 0
2050, 1025, 13483, 265, 0, 0
2052, 1026, 13486, 227, 0, 0
2054, 1027, 13425, 231, 2, 0
2056, 1028, 13496, 227, 0, 0
2058, 1029, 13492, 257, 0, 0
2060, 1030, 13499, 227, 0, 0
2062, 1031, 13499, 230, 0, 0
2064, 1032, 13506, 227, 0, 0
2066, 1033, 13447, 228, 2, 0
2068, 1034, 13512, 229, 0, 0
2070, 1035, 13510, 227, 0, 0
2072, 1036, 13514, 227, 0, 0
2074, 1037, 13511, 242, 0, 0
2076, 1038, 13515, 227, 0, 0
2078, 1039, 13416, 238, 5, 0
2080, 1040, 13515, 227, 0, 0
2082, 1041, 13518, 227, 0, 0
2084, 1042, 13520, 227, 0, 0
2086, 1043, 13524, 254, 0, 0
2088, 1044, 13465, 227, 2, 0
2090, 1045, 13542, 227, 0, 0
2092, 1046, 13547, 232, 0, 0
2094, 1047, 13538, 227, 0, 0
2096, 1048, 13541, 286, 0, 0
2098, 1049, 13536, 227, 0, 0
2100, 1050, 13461, 232, 4, 0
2102, 1051, 13545, 227, 0, 0
2104, 1052, 13542, 230, 0, 0
2106, 1053, 13546, 234, 0, 0
2108, 1054, 13547, 230, 0, 0
2110, 1055, 13551, 237, 0, 0
2112, 1056, 13498, 232, 2, 0
2114, 1057, 13561, 227, 0, 0
2116, 1058, 13558, 230, 0, 0
2118, 1059, 13556, 227, 0, 0
2120, 1060, 13558, 230, 0, 0
2122, 1061, 13564, 227, 0, 0
2124, 1062, 13488, 263, 2, 0
2126, 1063, 13570, 227, 0, 0
2128, 1064, 13566, 228, 0, 0
2130, 1065, 13579, 227, 0, 0
2132, 1066, 13574, 227, 0, 0
2134, 1067, 13578, 227, 0, 0
2136, 1068, 13503, 251, 2, 0
2138, 1069, 13578, 227, 0, 0
2140, 1070, 13578, 227, 0, 0
2142, 1071, 13581, 227, 0, 0
2144, 1072, 13583, 227, 0, 0
2146, 1073, 13531, 230, 2, 0
2148, 1074, 13596, 237, 0, 0
2150, 1075, 13608, 236, 0, 0
2152, 1076, 13611, 239, 0, 0
2154, 1077, 13607, 230, 0, 0
2156, 1078, 13612, 227, 0, 0
2158, 1079, 13545, 232, 2, 0
2160, 1080, 13615, 227, 0, 0
2162, 1081, 13607, 228, 0, 0
2164, 1082, 13609, 230, 0, 0
2166, 1083, 13605, 228, 0, 0
2168, 1084, 13610, 227, 0, 0
2170, 1085, 13553, 229, 1, 0
2172, 1086, 13602, 227, 0, 0
2174, 1087, 13620, 227, 0, 0
2176, 1088, 13618, 227, 0, 0
2178, 1089, 13618, 227, 0, 0
2180, 1090, 13625, 227, 0, 0
2182, 1091, 13545, 248, 1, 0
2184, 1092, 13632, 227, 0, 0
2186, 1093, 13635, 251, 0, 0
2188, 1094, 13634, 227, 0, 0
2190, 1095, 13632, 250, 0, 0
2192, 1096, 13573, 242, 2, 0
2194, 1097, 13639, 227, 0, 0
2196, 1098, 13643, 227, 0, 0
2198, 1099, 13644, 227, 0, 0
2200, 1100, 13649, 232, 0, 0
2202, 1101, 13644, 227, 0, 0
2204, 1102, 13595, 232, 2, 0
2206, 1103, 13650, 227, 0, 0
2208, 1104, 13655, 231, 0, 0
2210, 1105, 13657, 227, 0, 0
2212, 1106, 13652, 229, 0, 0
2214, 1107, 13661, 227, 0, 0
2216, 1108, 13581, 229, 3, 0
2218, 1109, 13670, 227, 0, 0
2220, 1110, 13663, 233, 0, 0
2222, 1111, 13667, 227, 0, 0
2224, 1112, 13664, 227, 0, 0
2226, 1113, 13663, 227, 0, 0
2228, 1114, 13608, 240, 2, 0
2230, 1115, 13681, 232, 0, 0
2232, 1116, 13674, 227, 0, 0
2234, 1117, 13677, 227, 0, 0
2236, 1118, 13675, 234, 0, 0
2238, 1119, 13680, 227, 0, 0
2240, 1120, 13593, 227, 3, 0
2242, 1121, 13681, 230, 0, 0
2244, 1122, 13683, 227, 0, 0
2246, 1123, 13686, 227, 0, 0
2248, 1124, 13690, 233, 0, 0
2250, 1125, 13631, 227, 1, 0
2252, 1126, 13694, 243, 0, 0
2254, 1127, 13696, 233, 0, 0
2256, 1128, 13696, 227, 0, 0
2258, 1129, 13697, 235, 0, 0
2260, 1130, 13705, 227, 0, 0
2262, 1131, 13633, 234, 2, 0
2264, 1132, 13706, 237, 0, 0
2266, 1133, 13703, 228, 0, 0
2268, 1134, 13713, 233, 0, 0
2270, 1135, 13714, 228, 0, 0
2272, 1136, 13721, 227, 0, 0
2274, 1137, 13658, 228, 2, 0
2276, 1138, 13735, 227, 0, 0
2278, 1139, 13731, 227, 0, 0
2280, 1140, 13734, 227, 0, 0
2282, 1141, 13726, 227, 0, 0
2284, 1142, 13729, 228, 0, 0
2286, 1143, 13649, 233, 1, 0
2288, 1144, 13729, 271, 0, 0
2290, 1145, 13723, 227, 0, 0
2292, 1146, 13730, 232, 0, 0
2294, 1147, 13738, 234, 0, 0
2296, 1148, 13731, 301, 0, 0
2298, 1149, 13735, 227, 0, 0
2300, 1150, 13735, 233, 0, 0
2302, 1151, 13748, 227, 0, 0
2304, 1152, 13741, 248, 0, 0
2306, 1153, 13741, 227, 0, 0
2308, 1154, 13681, 228, 2, 0
2310, 1155, 13755, 227, 0, 0
2312, 1156, 13751, 227, 0, 0
2314, 1157, 13750, 310, 0, 0
2316, 1158, 13751, 238, 0, 0
2318, 1159, 13761, 258, 0, 0
2320, 1160, 13696, 227, 2, 0
2322, 1161, 13762, 260, 0, 0
2324, 1162, 13756, 227, 0, 0
2326, 1163, 13760, 231, 0, 0
2328, 1164, 13765, 227, 0, 0
2330, 1165, 13759, 229, 0, 0
2332, 1166, 13705, 227, 1, 0
2334, 1167, 13773, 230, 0, 0
2336, 1168, 13768, 234, 0, 0
2338, 1169, 13771, 228, 0, 0
2340, 1170, 13778, 227, 0, 0
2342, 1171, 13785, 227, 0, 0
2344, 1172, 13703, 229, 1, 0
2346, 1173, 13775, 256, 0, 0
2348, 1174, 13786, 230, 0, 0
2350, 1175, 13780, 240, 0, 0
2352, 1176, 13784, 227, 0, 0
2354, 1177, 13717, 229, 1, 0
2356, 1178, 13787, 231, 0, 0
2358, 1179, 13789, 228, 0, 0
2360, 1180, 13792, 232, 0, 0
2362, 1181, 13799, 227, 0, 0
2364, 1182, 13794, 232, 0, 0
2366, 1183, 13732, 234, 2, 0
2368, 1184, 13797, 234, 0, 0
2370, 1185, 13805, 227, 0, 0
2372, 1186, 13803, 231, 0, 0
2374, 1187, 13799, 227, 0, 0
2376, 1188, 13808, 229, 0, 0
2378, 1189, 13757, 227, 2, 0
2380, 1190, 13792, 228, 0, 0
2382, 1191, 13807, 228, 0, 0
2384, 1192, 13809, 244, 0, 0
2386, 1193, 13811, 229, 0, 0
2388, 1194, 13810, 228, 0, 0
2390, 1195, 13720, 227, 3, 0
2392, 1196, 13815, 245, 0, 0
2394, 1197, 13814, 230, 0, 0
2396, 1198, 13829, 227, 0, 0
2398, 1199, 13832, 227, 0, 0
2400, 1200, 13836, 228, 0, 0
2402, 1201, 13759, 227, 1, 0
2404, 1202, 13839, 227, 0, 0
2406, 1203, 13837, 232, 0, 0
2408, 1204, 13836, 233, 0, 0
2410, 1205, 13837, 232, 0, 0
2412, 1206, 13771, 227, 2, 0
2414, 1207, 13833, 233, 0, 0
2416, 1208, 13843, 227, 0, 0
2418, 1209, 13833, 229, 0, 0
2420, 1210, 13837, 229, 0, 0
2422, 1211, 13844, 269, 0, 0
2424, 1212, 13775, 228, 1, 0
2426, 1213, 13843, 230, 0, 0
2428, 1214, 13857, 228, 0, 0
2430, 1215, 13844, 228, 0, 0
2432, 1216, 13849, 227, 0, 0
2434, 1217, 13857, 227, 0, 0
2436, 1218, 13795, 227, 2, 0
2438, 1219, 13856, 227, 0, 0
2440, 1220, 13868, 234, 0, 0
2442, 1221, 13861, 228, 0, 0
2444, 1222, 13858, 252, 0, 0
2446, 1223, 13861, 227, 0, 0
2448, 1224, 13785, 236, 1, 0
2450, 1225, 13865, 233, 0, 0
2452, 1226, 13864, 284, 0, 0
2454, 1227, 13867, 227, 0, 0
2456, 1228, 13866, 230, 0, 0
2458, 1229, 13813, 253, 1, 0
2460, 1230, 13874, 229, 0, 0
2462, 1231, 13880, 229, 0, 0
2464, 1232, 13884, 233, 0, 0
2466, 1233, 13885, 230, 0, 0
2468, 1234, 13875, 244, 0, 0
2470, 1235, 13825, 227, 1, 0
2472, 1236, 13881, 227, 0, 0
2474, 1237, 13884, 227, 0, 0
2476, 1238, 13889, 227, 0, 0
2478, 1239, 13883, 231, 0, 0
2480, 1240, 13888, 227, 0, 0
2482, 1241, 13835, 227, 2, 0
2484, 1242, 13892, 248, 0, 0
2486, 1243, 13898, 227, 0, 0
2488, 1244, 13896, 241, 0, 0
2490, 1245, 13899, 280, 0, 0
2492, 1246, 13898, 227, 0, 0
2494, 1247, 13823, 239, 1, 0
2496, 1248, 13907, 227, 0, 0
2498, 1249, 13894, 230, 0, 0
2500, 1250, 13909, 227, 0, 0
2502, 1251, 13899, 230, 0, 0
2504, 1252, 13911, 233, 0, 0
2506, 1253, 13815, 229, 2, 0
2508, 1254, 13910, 229, 0, 0
2510, 1255, 13911, 229, 0, 0
2512, 1256, 13905, 227, 0, 0
2514, 1257, 13910, 229, 0, 0
2516, 1258, 13851, 233, 1, 0
2518, 1259, 13911, 229, 0, 0
2520, 1260, 13934, 233, 0, 0
2522, 1261, 13920, 227, 0, 0
2524, 1262, 13936, 228, 0, 0
2526, 1263, 13935, 227, 0, 0
2528, 1264, 13858, 227, 4, 0
2530, 1265, 13933, 234, 0, 0
2532, 1266, 13936, 245, 0, 0
2534, 1267, 13928, 227, 0, 0
2536, 1268, 13936, 232, 0, 0
2538, 1269, 13928, 227, 0, 0
2540, 1270, 13863, 231, 1, 0
2542, 1271, 13937, 243, 0, 0
2544, 1272, 13932, 229, 0, 0
2546, 1273, 13936, 227, 0, 0
2548, 1274, 13935, 230, 0, 0
2550, 1275, 13941, 228, 0, 0
2552, 1276, 13868, 232, 1, 0
2554, 1277, 13947, 227, 0, 0
2556, 1278, 13945, 236, 0, 0
2558, 1279, 13950, 227, 0, 0
2560, 1280, 13943, 228, 0, 0
2562, 1281, 13931, 640, 1, 0
2564, 1282, 13951, 228, 0, 0
2566, 1283, 13954, 231, 0, 0
2568, 1284, 13958, 227, 0, 0
2570, 1285, 13952, 285, 0, 0
2572, 1286, 13959, 240, 0, 0
2574, 1287, 13894, 260, 1, 0
2576, 1288, 13963, 227, 0, 0
2578, 1289, 13963, 229, 0, 0
2580, 1290, 13962, 232, 0, 0
2582, 1291, 13958, 229, 0, 0
2584, 1292, 13966, 227, 0, 0
2586, 1293, 13902, 231, 1, 0
2588, 1294, 13982, 227, 0, 0
2590, 1295, 13971, 229, 0, 0
2592, 1296, 13979, 232, 0, 0
2594, 1297, 13974, 227, 0, 0
2596, 1298, 13971, 232, 0, 0
2598, 1299, 13917, 227, 1, 0
2600, 1300, 13978, 263, 0, 0
2602, 1301, 13981, 240, 0, 0
2604, 1302, 13978, 235, 0, 0
2606, 1303, 13979, 228, 0, 0
2608, 1304, 13988, 271, 0, 0
2610, 1305, 13906, 234, 1, 0
2612, 1306, 13988, 229, 0, 0
2614, 1307, 13987, 227, 0, 0
2616, 1308, 13984, 251, 0, 0
2618, 1309, 13994, 227, 0, 0
2620, 1310, 13925, 228, 1, 0
2622, 1311, 13996, 227, 0, 0
2624, 1312, 13989, 234, 0, 0
2626, 1313, 14001, 233, 0, 0
2628, 1314, 14005, 228, 0, 0
2630, 1315, 13987, 227, 0, 0
2632, 1316, 13923, 227, 1, 0
2634, 1317, 14002, 234, 0, 0
2636, 1318, 14004, 227, 0, 0
2638, 1319, 13998, 234, 0, 0
2640, 1320, 14010, 227, 0, 0
2642, 1321, 13999, 231, 0, 0
2644, 1322, 13926, 229, 2, 0
2646, 1323, 14018, 231, 0, 0
2648, 1324, 14024, 229, 0, 0
2650, 1325, 14024, 229, 0, 0
2652, 1326, 14019, 227, 0, 0
2654, 1327, 14026, 229, 0, 0
2656, 1328, 13940, 234, 1, 0
2658, 1329, 14017, 229, 0, 0
2660, 1330, 14019, 227, 0, 0
2662, 1331, 14013, 227, 0, 0
2664, 1332, 14024, 233, 0, 0
2666, 1333, 14014, 227, 0, 0
2668, 1334, 13929, 227, 2, 0
2670, 1335, 14018, 230, 0, 0
2672, 1336, 14027, 230, 0, 0
2674, 1337, 14027, 227, 0, 0
2676, 1338, 14026, 229, 0, 0
2678, 1339, 13970, 227, 2, 0
2680, 1340, 14032, 250, 0, 0
2682, 1341, 14042, 227, 0, 0
2684, 1342, 14030, 266, 0, 0
2686, 1343, 14038, 228, 0, 0
2688, 1344, 14033, 230, 0, 0
2690, 1345, 13971, 227, 1, 0
2692, 1346, 14042, 235, 0, 0
2694, 1347, 14043, 227, 0, 0
2696, 1348, 14039, 265, 0, 0
2698, 1349, 14041, 227, 0, 0
2700, 1350, 14050, 227, 0, 0
2702, 1351, 13989, 227, 2, 0
2704, 1352, 14054, 232, 0, 0
2706, 1353, 14046, 227, 0, 0
2708, 1354, 14057, 227, 0, 0
2710, 1355, 14053, 227, 0, 0
2712, 1356, 14055, 227, 0, 0
2714, 1357, 13976, 233, 0, 0
2716, 1358, 14055, 227, 0, 0
2718, 1359, 14058, 273, 0, 0
2720, 1360, 14052, 228, 0, 0
2722, 1361, 14061, 230, 0, 0
2724, 1362, 13998, 234, 1, 0
2726, 1363, 14063, 229, 0, 0
2728, 1364, 14066, 227, 0, 0
2730, 1365, 14066, 231, 0, 0
2732, 1366, 14066, 227, 0, 0
2734, 1367, 14064, 232, 0, 0
2736, 1368, 13999, 227, 0, 0
2738, 1369, 14073, 227, 0, 0
2740, 1370, 14071, 227, 0, 0
2742, 1371, 14068, 227, 0, 0
2744, 1372, 14072, 227, 0, 0
2746, 1373, 14071, 227, 0, 0
2748, 1374, 14017, 227, 1, 0
2750, 1375, 14074, 227, 0, 0
2752, 1376, 14085, 232, 0, 0
2754, 1377, 14073, 254, 0, 0
2756, 1378, 14089, 232, 0, 0
2758, 1379, 14078, 234, 0, 0
2760, 1380, 14012, 233, 1, 0
2762, 1381, 14086, 227, 0, 0
2764, 1382, 14085, 230, 0, 0
2766, 1383, 14081, 227, 0, 0
2768, 1384, 14094, 277, 0, 0
2770, 1385, 14098, 227, 0, 0
2772, 1386, 14028, 234, 1, 0
2774, 1387, 14101, 238, 0, 0
2776, 1388, 14119, 273, 0, 0
2778, 1389, 14108, 227, 0, 0
2780, 1390, 14094, 229, 0, 0
2782, 1391, 14012, 227, 1, 0
2784, 1392, 14093, 228, 0, 0
2786, 1393, 14102, 228, 0, 0
2788, 1394, 14099, 237, 0, 0
2790, 1395, 14101, 227, 0, 0
2792, 1396, 14098, 230, 0, 0
2794, 1397, 14040, 227, 1, 0
2796, 1398, 14104, 227, 0, 0
2798, 1399, 14112, 276, 0, 0
2800, 1400, 14104, 227, 0, 0
2802, 1401, 14110, 232, 0, 0
2804, 1402, 14105, 244, 0, 0
2806, 1403, 14026, 231, 1, 0
2808, 1404, 14114, 227, 0, 0
2810, 1405, 14112, 243, 0, 0
2812, 1406, 14115, 227, 0, 0
2814, 1407, 14116, 229, 0, 0
2816, 1408, 14116, 237, 0, 0
2818, 1409, 14039, 276, 2, 0
2820, 1410, 14121, 227, 0, 0
2822, 1411, 14124, 228, 0, 0
2824, 1412, 14119, 240, 0, 0
2826, 1413, 14125, 228, 0, 0
2828, 1414, 14059, 517, 1, 0
2830, 1415, 14130, 229, 0, 0
2832, 1416, 14128, 227, 0, 0
2834, 1417, 14132, 227, 0, 0
2836, 1418, 14139, 227, 0, 0
2838, 1419, 14135, 255, 0, 0
2840, 1420, 14071, 238, 2, 0
2842, 1421, 14140, 228, 0, 0
2844, 1422, 14130, 231, 0, 0
2846, 1423, 14141, 238, 0, 0
2848, 1424, 14131, 231, 0, 0
2850, 1425, 14141, 227, 0, 0
2852, 1426, 14068, 230, 0, 0
2854, 1427, 14144, 227, 0, 0
2856, 1428, 14148, 228, 0, 0
2858, 1429, 14145, 232, 0, 0
2860, 1430, 14140, 251, 0, 0
2862, 1431, 14145, 237, 0, 0
2864, 1432, 14078, 228, 1, 0
2866, 1433, 14149, 227, 0, 0
2868, 1434, 14142, 227, 0, 0
2870, 1435, 14150, 227, 0, 0
2872, 1436, 14151, 228, 0, 0
2874, 1437, 14149, 227, 0, 0
2876, 1438, 14074, 231, 0, 0
2878, 1439, 14153, 232, 0, 0
2880, 1440, 14155, 227, 0, 0
2882, 1441, 14154, 233, 0, 0
2884, 1442, 14164, 227, 0, 0
2886, 1443, 14155, 238, 0, 0
2888, 1444, 14088, 227, 1, 0
2890, 1445, 14159, 234, 0, 0
2892, 1446, 14170, 239, 0, 0
2894, 1447, 14168, 234, 0, 0
2896, 1448, 14182, 228, 0, 0
2898, 1449, 14108, 286, 2, 0
2900, 1450, 14183, 227, 0, 0
2902, 1451, 14168, 234, 0, 0
2904, 1452, 14177, 233, 0, 0
2906, 1453, 14166, 229, 0, 0
2908, 1454, 14169, 227, 0, 0
2910, 1455, 14106, 229, 1, 0
2912, 1456, 14173, 227, 0, 0
2914, 1457, 14172, 227, 0, 0
2916, 1458, 14171, 227, 0, 0
2918, 1459, 14172, 228, 0, 0
2920, 1460, 14175, 227, 0, 0
2922, 1461, 14092, 227, 3, 0
2924, 1462, 14181, 232, 0, 0
2926, 1463, 14188, 227, 0, 0
2928, 1464, 14175, 237, 0, 0
2930, 1465, 14192, 253, 0, 0
2932, 1466, 14178, 231, 0, 0
2934, 1467, 14111, 227, 1, 0
2936, 1468, 14187, 297, 0, 0
2938, 1469, 14195, 227, 0, 0
2940, 1470, 14200, 233, 0, 0
2942, 1471, 14186, 243, 0, 0
2944, 1472, 14186, 229, 0, 0
2946, 1473, 14099, 238, 0, 0
2948, 1474, 14188, 229, 0, 0
2950, 1475, 14196, 227, 0, 0
2952, 1476, 14197, 229, 0, 0
2954, 1477, 14194, 227, 0, 0
2956, 1478, 14135, 269, 1, 0
2958, 1479, 14202, 236, 0, 0
2960, 1480, 14209, 233, 0, 0
2962, 1481, 14204, 278, 0, 0
2964, 1482, 14206, 227, 0, 0
2966, 1483, 14196, 324, 0, 0
2968, 1484, 14137, 227, 0, 0
2970, 1485, 14209, 233, 0, 0
2972, 1486, 14205, 227, 0, 0
2974, 1487, 14209, 273, 0, 0
2976, 1488, 14205, 239, 0, 0
2978, 1489, 14213, 231, 0, 0
2980, 1490, 14147, 227, 0, 0
2982, 1491, 14212, 276, 0, 0
2984, 1492, 14211, 227, 0, 0
2986, 1493, 14209, 239, 0, 0
2988, 1494, 14215, 239, 0, 0
2990, 1495, 14213, 228, 0, 0
2992, 1496, 14148, 234, 1, 0
2994, 1497, 14216, 255, 0, 0
2996, 1498, 14224, 227, 0, 0
2998, 1499, 14216, 228, 0, 0
3000, 1500, 14225, 235, 0, 0
3002, 1501, 14150, 236, 0, 0
3004, 1502, 14227, 234, 0, 0
3006, 1503, 14223, 240, 0, 0
3008, 1504, 14222, 232, 0, 0
3010, 1505, 14231, 245, 0, 0
3012, 1506, 14218, 231, 0, 0
3014, 1507, 14168, 227, 0, 0
3016, 1508, 14227, 264, 0, 0
3018, 1509, 14246, 227, 0, 0
3020, 1510, 14242, 230, 0, 0
3022, 1511, 14240, 227, 0, 0
3024, 1512, 14239, 229, 0, 0
3026, 1513, 14173, 227, 1, 0
3028, 1514, 14238, 234, 0, 0
3030, 1515, 14237, 230, 0, 0
3032, 1516, 14237, 232, 0, 0
3034, 1517, 14236, 228, 0, 0
3036, 1518, 14235, 228, 0, 0
3038, 1519, 14164, 238, 1, 0
3040, 1520, 14240, 228, 0, 0
3042, 1521, 14249, 227, 0, 0
3044, 1522, 14239, 231, 0, 0
3046, 1523, 14246, 227, 0, 0
3048, 1524, 14244, 227, 0, 0
3050, 1525, 14168, 228, 0, 0
3052, 1526, 14249, 233, 0, 0
3054, 1527, 14249, 241, 0, 0
3056, 1528, 14256, 227, 0, 0
3058, 1529, 14250, 232, 0, 0
3060, 1530, 14189, 227, 1, 0
3062, 1531, 14253, 283, 0, 0
3064, 1532, 14258, 227, 0, 0
3066, 1533, 14248, 235, 0, 0
3068, 1534, 14257, 227, 0, 0
3070, 1535, 14261, 229, 0, 0
3072, 1536, 14196, 238, 2, 0
3074, 1537, 14264, 229, 0, 0
3076, 1538, 14259, 237, 0, 0
3078, 1539, 14261, 227, 0, 0
3080, 1540, 14257, 227, 0, 0
3082, 1541, 14264, 229, 0, 0
3084, 1542, 14218, 227, 2, 0
3086, 1543, 14264, 227, 0, 0
3088, 1544, 14271, 235, 0, 0
3090, 1545, 14265, 228, 0, 0
3092, 1546, 14268, 240, 0, 0
3094, 1547, 14268, 236, 0, 0
3096, 1548, 14183, 232, 2, 0
3098, 1549, 14280, 227, 0, 0
3100, 1550, 14266, 240, 0, 0
3102, 1551, 14275, 234, 0, 0
3104, 1552, 14273, 306, 0, 0
3106, 1553, 14207, 452, 0, 0
3108, 1554, 14283, 229, 0, 0
3110, 1555, 14274, 227, 0, 0
3112, 1556, 14278, 236, 0, 0
3114, 1557, 14277, 227, 0, 0
3116, 1558, 14273, 228, 0, 0
3118, 1559, 14224, 227, 0, 0
3120, 1560, 14280, 227, 0, 0
3122, 1561, 14300, 280, 0, 0
3124, 1562, 14272, 228, 0, 0
3126, 1563, 14289, 235, 0, 0
3128, 1564, 14284, 227, 0, 0
3130, 1565, 14212, 232, 0, 0
3132, 1566, 14295, 227, 0, 0
3134, 1567, 14283, 231, 0, 0
3136, 1568, 14288, 227, 0, 0
3138, 1569, 14288, 278, 0, 0
3140, 1570, 14290, 227, 0, 0
3142, 1571, 14242, 228, 1, 0
3144, 1572, 14304, 227, 0, 0
3146, 1573, 14303, 227, 0, 0
3148, 1574, 14302, 227, 0, 0
3150, 1575, 14297, 229, 0, 0
3152, 1576, 14309, 227, 0, 0
3154, 1577, 14215, 228, 0, 0
3156, 1578, 14306, 227, 0, 0
3158, 1579, 14298, 245, 0, 0
3160, 1580, 14296, 228, 0, 0
3162, 1581, 14304, 228, 0, 0
3164, 1582, 14232, 288, 0, 0
3166, 1583, 14309, 251, 0, 0
3168, 1584, 14304, 231, 0, 0
3170, 1585, 14302, 227, 0, 0
3172, 1586, 14312, 231, 0, 0
3174, 1587, 14305, 237, 0, 0
3176, 1588, 14249, 284, 0, 0
3178, 1589, 14313, 236, 0, 0
3180, 1590, 14308, 229, 0, 0
3182, 1591, 14319, 227, 0, 0
3184, 1592, 14307, 265, 0, 0
3186, 1593, 14316, 240, 0, 0
3188, 1594, 14248, 229, 0, 0
3190, 1595, 14315, 227, 0, 0
3192, 1596, 14320, 228, 0, 0
3194, 1597, 14314, 227, 0, 0
3196, 1598, 14317, 228, 0, 0
3198, 1599, 14325, 227, 0, 0
3200, 1600, 14237, 227, 0, 0
3202, 1601, 14328, 232, 0, 0
3204, 1602, 14319, 252, 0, 0
3206, 1603, 14324, 232, 0, 0
3208, 1604, 14334, 228, 0, 0
3210, 1605, 14253, 231, 2, 0
3212, 1606, 14331, 228, 0, 0
3214, 1607, 14324, 232, 0, 0
3216, 1608, 14326, 228, 0, 0
3218, 1609, 14332, 252, 0, 0
3220, 1610, 14330, 227, 0, 0
3222, 1611, 14268, 232, 2, 0
3224, 1612, 14337, 227, 0, 0
3226, 1613, 14329, 227, 0, 0
3228, 1614, 14337, 227, 0, 0
3230, 1615, 14329, 230, 0, 0
3232, 1616, 14334, 227, 0, 0
3234, 1617, 14255, 241, 1, 0
3236, 1618, 14338, 244, 0, 0
3238, 1619, 14339, 231, 0, 0
3240, 1620, 14339, 234, 0, 0
3242, 1621, 14337, 234, 0, 0
3244, 1622, 14342, 311, 0, 0
3246, 1623, 14260, 227, 0, 0
3248, 1624, 14340, 231, 0, 0
3250, 1625, 14352, 227, 0, 0
3252, 1626, 14341, 283, 0, 0
3254, 1627, 14345, 227, 0, 0
3256, 1628, 14341, 239, 0, 0
3258, 1629, 14265, 240, 1, 0
3260, 1630, 14352, 228, 0, 0
3262, 1631, 14343, 227, 0, 0
3264, 1632, 14350, 228, 0, 0
3266, 1633, 14359, 227, 0, 0
3268, 1634, 14291, 232, 0, 0
3270, 1635, 14366, 227, 0, 0
3272, 1636, 14358, 233, 0, 0
3274, 1637, 14356, 232, 0, 0
3276, 1638, 14366, 227, 0, 0
3278, 1639, 14353, 236, 0, 0
3280, 1640, 14291, 231, 0, 0
3282, 1641, 14365, 229, 0, 0
3284, 1642, 14360, 227, 0, 0
3286, 1643, 14359, 234, 0, 0
3288, 1644, 14358, 228, 0, 0
3290, 1645, 14358, 235, 0, 0
3292, 1646, 14303, 229, 1, 0
3294, 1647, 14361, 229, 0, 0
3296, 1648, 14363, 227, 0, 0
3298, 1649, 14368, 228, 0, 0
3300, 1650, 14365, 227, 0, 0
3302, 1651, 14363, 228, 0, 0
3304, 1652, 14288, 227, 0, 0
3306, 1653, 14365, 228, 0, 0
3308, 1654, 14374, 232, 0, 0
3310, 1655, 14370, 227, 0, 0
3312, 1656, 14368, 232, 0, 0
3314, 1657, 14380, 258, 0, 0
3316, 1658, 14371, 231, 0, 0
3318, 1659, 14372, 227, 0, 0
3320, 1660, 14381, 229, 0, 0
3322, 1661, 14372, 227, 0, 0
3324, 1662, 14379, 228, 0, 0
3326, 1663, 14316, 227, 2, 0
3328, 1664, 14376, 227, 0, 0
3330, 1665, 14382, 233, 0, 0
3332, 1666, 14384, 228, 0, 0
3334, 1667, 14391, 232, 0, 0
3336, 1668, 14385, 259, 0, 0
3338, 1669, 14315, 233, 1, 0
3340, 1670, 14383, 228, 0, 0
3342, 1671, 14388, 288, 0, 0
3344, 1672, 14387, 229, 0, 0
3346, 1673, 14381, 233, 0, 0
3348, 1674, 14395, 228, 0, 0
3350, 1675, 14301, 249, 2, 0
3352, 1676, 14393, 227, 0, 0
3354, 1677, 14386, 276, 0, 0
3356, 1678, 14388, 227, 0, 0
3358, 1679, 14392, 228, 0, 0
3360, 1680, 14387, 227, 0, 0
3362, 1681, 14308, 229, 1, 0
3364, 1682, 14403, 231, 0, 0
3366, 1683, 14387, 228, 0, 0
3368, 1684, 14393, 227, 0, 0
3370, 1685, 14399, 231, 0, 0
3372, 1686, 14394, 227, 0, 0
3374, 1687, 14298, 228, 2, 0
3376, 1688, 14404, 234, 0, 0
3378, 1689, 14396, 227, 0, 0
3380, 1690, 14399, 231, 0, 0
3382, 1691, 14408, 227, 0, 0
3384, 1692, 14328, 231, 0, 0
3386, 1693, 14403, 227, 0, 0
3388, 1694, 14404, 232, 0, 0
3390, 1695, 14408, 245, 0, 0
3392, 1696, 14415, 237, 0, 0
3394, 1697, 14414, 227, 0, 0
3396, 1698, 14344, 232, 2, 0
3398, 1699, 14419, 227, 0, 0
3400, 1700, 14412, 232, 0, 0
3402, 1701, 14404, 232, 0, 0
3404, 1702, 14415, 256, 0, 0
3406, 1703, 14405, 232, 0, 0
3408, 1704, 14348, 242, 1, 0
3410, 1705, 14416, 230, 0, 0
3412, 1706, 14407, 227, 0, 0
3414, 1707, 14409, 256, 0, 0
3416, 1708, 14418, 227, 0, 0
3418, 1709, 14411, 229, 0, 0
3420, 1710, 14340, 227, 2, 0
3422, 1711, 14426, 228, 0, 0
3424, 1712, 14418, 227, 0, 0
3426, 1713, 14415, 228, 0, 0
3428, 1714, 14427, 227, 0, 0
3430, 1715, 14413, 230, 0, 0
3432, 1716, 14349, 228, 1, 0
3434, 1717, 14431, 229, 0, 0
3436, 1718, 14422, 305, 0, 0
3438, 1719, 14426, 228, 0, 0
3440, 1720, 14430, 232, 0, 0
3442, 1721, 14357, 227, 0, 0
3444, 1722, 14431, 231, 0, 0
3446, 1723, 14433, 229, 0, 0
3448, 1724, 14420, 283, 0, 0
3450, 1725, 14425, 227, 0, 0
3452, 1726, 14437, 230, 0, 0
3454, 1727, 14368, 227, 0, 0
3456, 1728, 14434, 229, 0, 0
3458, 1729, 14447, 227, 0, 0
3460, 1730, 14425, 262, 0, 0
3462, 1731, 14435, 227, 0, 0
3464, 1732, 14441, 227, 0, 0
3466, 1733, 14369, 228, 1, 0
3468, 1734, 14438, 229, 0, 0
3470, 1735, 14444, 231, 0, 0
3472, 1736, 14436, 227, 0, 0
3474, 1737, 14437, 234, 0, 0
3476, 1738, 14447, 229, 0, 0
3478, 1739, 14360, 234, 1, 0
3480, 1740, 14441, 228, 0, 0
3482, 1741, 14448, 263, 0, 0
3484, 1742, 14439, 227, 0, 0
3486, 1743, 14436, 229, 0, 0
3488, 1744, 14454, 227, 0, 0
3490, 1745, 14337, 229, 1, 0
3492, 1746, 14448, 227, 0, 0
3494, 1747, 14453, 231, 0, 0
3496, 1748, 14442, 227, 0, 0
3498, 1749, 14445, 230, 0, 0
3500, 1750, 14379, 229, 0, 0
3502, 1751, 14448, 227, 0, 0
3504, 1752, 14448, 235, 0, 0
3506, 1753, 14457, 227, 0, 0
3508, 1754, 14442, 236, 0, 0
3510, 1755, 14444, 227, 0, 0
3512, 1756, 14372, 232, 1, 0
3514, 1757, 14460, 227, 0, 0
3516, 1758, 14463, 236, 0, 0
3518, 1759, 14470, 227, 0, 0
3520, 1760, 14457, 276, 0, 0
3522, 1761, 14459, 227, 0, 0
3524, 1762, 14394, 228, 1, 0
3526, 1763, 14461, 241, 0, 0
3528, 1764, 14455, 227, 0, 0
3530, 1765, 14459, 227, 0, 0
3532, 1766, 14456, 239, 0, 0
3534, 1767, 14455, 227, 0, 0
3536, 1768, 14383, 227, 0, 0
3538, 1769, 14463, 251, 0, 0
3540, 1770, 14458, 228, 0, 0
3542, 1771, 14465, 235, 0, 0
3544, 1772, 14474, 227, 0, 0
3546, 1773, 14447, 233, 0, 0
3548, 1774, 14470, 227, 0, 0
3550, 1775, 14474, 227, 0, 0
3552, 1776, 14466, 227, 0, 0
3554, 1777, 14464, 227, 0, 0
3556, 1778, 14481, 233, 0, 0
3558, 1779, 14403, 230, 0, 0
3560, 1780, 14467, 234, 0, 0
3562, 1781, 14481, 227, 0, 0
3564, 1782, 14466, 231, 0, 0
3566, 1783, 14470, 248, 0, 0
3568, 1784, 14469, 229, 0, 0
3570, 1785, 14405, 227, 0, 0
3572, 1786, 14484, 229, 0, 0
3574, 1787, 14483, 228, 0, 0
3576, 1788, 14474, 229, 0, 0
3578, 1789, 14478, 242, 0, 0
3580, 1790, 14483, 228, 0, 0
3582, 1791, 14427, 227, 0, 0
3584, 1792, 14477, 229, 0, 0
3586, 1793, 14486, 263, 0, 0
3588, 1794, 14488, 227, 0, 0
3590, 1795, 14482, 262, 0, 0
3592, 1796, 14483, 233, 0, 0
3594, 1797, 14409, 234, 0, 0
3596, 1798, 14486, 228, 0, 0
3598, 1799, 14476, 231, 0, 0
3600, 1800, 14492, 228, 0, 0
3602, 1801, 14483, 232, 0, 0
3604, 1802, 14418, 227, 0, 0
3606, 1803, 14488, 230, 0, 0
3608, 1804, 14497, 227, 0, 0
3610, 1805, 14488, 253, 0, 0
3612, 1806, 14495, 234, 0, 0
3614, 1807, 14495, 229, 0, 0
3616, 1808, 14432, 227, 1, 0
3618, 1809, 14487, 229, 0, 0
3620, 1810, 14497, 227, 0, 0
3622, 1811, 14490, 246, 0, 0
3624, 1812, 14491, 232, 0, 0
3626, 1813, 14496, 228, 0, 0
3628, 1814, 14410, 227, 1, 0
3630, 1815, 14495, 228, 0, 0
3632, 1816, 14496, 232, 0, 0
3634, 1817, 14505, 227, 0, 0
3636, 1818, 14497, 232, 0, 0
3638, 1819, 14504, 227, 0, 0
3640, 1820, 14435, 231, 0, 0
3642, 1821, 14511, 227, 0, 0
3644, 1822, 14503, 238, 0, 0
3646, 1823, 14512, 232, 0, 0
3648, 1824, 14499, 231, 0, 0
3650, 1825, 14503, 227, 0, 0
3652, 1826, 14402, 230, 1, 0
3654, 1827, 14515, 227, 0, 0
3656, 1828, 14499, 233, 0, 0
3658, 1829, 14501, 228, 0, 0
3660, 1830, 14512, 255, 0, 0
3662, 1831, 14437, 228, 1, 0
3664, 1832, 14506, 228, 0, 0
3666, 1833, 14516, 235, 0, 0
3668, 1834, 14507, 231, 0, 0
3670, 1835, 14508, 242, 0, 0
3672, 1836, 14511, 227, 0, 0
3674, 1837, 14451, 232, 0, 0
3676, 1838, 14514, 228, 0, 0
3678, 1839, 14510, 284, 0, 0
3680, 1840, 14523, 246, 0, 0
3682, 1841, 14511, 246, 0, 0
3684, 1842, 14516, 239, 0, 0
3686, 1843, 14455, 250, 1, 0
3688, 1844, 14526, 229, 0, 0
3690, 1845, 14515, 239, 0, 0
3692, 1846, 14515, 235, 0, 0
3694, 1847, 14525, 228, 0, 0
3696, 1848, 14522, 322, 0, 0
3698, 1849, 14435, 229, 0, 0
3700, 1850, 14534, 231, 0, 0
3702, 1851, 14528, 228, 0, 0
3704, 1852, 14524, 262, 0, 0
3706, 1853, 14526, 242, 0, 0
3708, 1854, 14463, 292, 0, 0
3710, 1855, 14526, 245, 0, 0
3712, 1856, 14520, 233, 0, 0
3714, 1857, 14531, 227, 0, 0
3716, 1858, 14525, 229, 0, 0
3718, 1859, 14523, 227, 0, 0
3720, 1860, 14464, 264, 0, 0
3722, 1861, 14539, 228, 0, 0
3724, 1862, 14531, 228, 0, 0
3726, 1863, 14526, 239, 0, 0
3728, 1864, 14538, 232, 0, 0
3730, 1865, 14529, 233, 0, 0
3732, 1866, 14463, 227, 0, 0
3734, 1867, 14537, 231, 0, 0
3736, 1868, 14544, 227, 0, 0
3738, 1869, 14531, 236, 0, 0
3740, 1870, 14533, 227, 0, 0
3742, 1871, 14538, 229, 0, 0
3744, 1872, 14458, 227, 0, 0
3746, 1873, 14532, 264, 0, 0
3748, 1874, 14543, 227, 0, 0
3750, 1875, 14546, 228, 0, 0
3752, 1876, 14535, 232, 0, 0
3754, 1877, 14536, 229, 0, 0
3756, 1878, 14463, 227, 0, 0
3758, 1879, 14540, 228, 0, 0
3760, 1880, 14543, 227, 0, 0
3762, 1881, 14546, 230, 0, 0
3764, 1882, 14557, 235, 0, 0
3766, 1883, 14479, 269, 0, 0
3768, 1884, 14553, 246, 0, 0
3770, 1885, 14558, 230, 0, 0
3772, 1886, 14542, 251, 0, 0
3774, 1887, 14546, 228, 0, 0
3776, 1888, 14544, 230, 0, 0
3778, 1889, 14488, 232, 0, 0
3780, 1890, 14546, 230, 0, 0
3782, 1891, 14546, 227, 0, 0
3784, 1892, 14552, 228, 0, 0
3786, 1893, 14551, 227, 0, 0
3788, 1894, 14547, 232, 0, 0
3790, 1895, 14487, 227, 0, 0
3792, 1896, 14556, 229, 0, 0
3794, 1897, 14552, 234, 0, 0
3796, 1898, 14546, 227, 0, 0
3798, 1899, 14560, 232, 0, 0
3800, 1900, 14564, 231, 0, 0
3802, 1901, 14466, 239, 1, 0
3804, 1902, 14555, 227, 0, 0
3806, 1903, 14559, 231, 0, 0
3808, 1904, 14558, 229, 0, 0
3810, 1905, 14553, 230, 0, 0
3812, 1906, 14497, 336, 1, 0
3814, 1907, 14568, 229, 0, 0
3816, 1908, 14557, 243, 0, 0
3818, 1909, 14557, 269, 0, 0
3820, 1910, 14563, 227, 0, 0
3822, 1911, 14573, 229, 0, 0
3824, 1912, 14498, 241, 1, 0
3826, 1913, 14564, 227, 0, 0
3828, 1914, 14575, 230, 0, 0
3830, 1915, 14563, 228, 0, 0
3832, 1916, 14561, 230, 0, 0
3834, 1917, 14571, 232, 0, 0
3836, 1918, 14504, 234, 0, 0
3838, 1919, 14566, 235, 0, 0
3840, 1920, 14554, 233, 0, 0
3842, 1921, 14581, 227, 0, 0
3844, 1922, 14572, 228, 0, 0
3846, 1923, 14560, 227, 0, 0
3848, 1924, 14496, 228, 0, 0
3850, 1925, 14579, 280, 0, 0
3852, 1926, 14571, 229, 0, 0
3854, 1927, 14572, 227, 0, 0
3856, 1928, 14572, 227, 0, 0
3858, 1929, 14588, 232, 0, 0
3860, 1930, 14496, 228, 1, 0
3862, 1931, 14577, 232, 0, 0
3864, 1932, 14581, 228, 0, 0
3866, 1933, 14582, 231, 0, 0
3868, 1934, 14576, 228, 0, 0
3870, 1935, 14505, 232, 0, 0
3872, 1936, 14586, 242, 0, 0
3874, 1937, 14576, 293, 0, 0
3876, 1938, 14578, 227, 0, 0
3878, 1939, 14577, 229, 0, 0
3880, 1940, 14584, 229, 0, 0
3882, 1941, 14514, 229, 0, 0
3884, 1942, 14584, 227, 0, 0
3886, 1943, 14591, 227, 0, 0
3888, 1944, 14603, 227, 0, 0
3890, 1945, 14585, 229, 0, 0
3892, 1946, 14591, 235, 0, 0
3894, 1947, 14524, 249, 1, 0
3896, 1948, 14602, 232, 0, 0
3898, 1949, 14587, 228, 0, 0
3900, 1950, 14581, 233, 0, 0
3902, 1951, 14591, 229, 0, 0
3904, 1952, 14590, 231, 0, 0
3906, 1953, 14508, 227, 0, 0
3908, 1954, 14585, 231, 0, 0
3910, 1955, 14593, 228, 0, 0
3912, 1956, 14586, 232, 0, 0
3914, 1957, 14586, 231, 0, 0
3916, 1958, 14588, 236, 0, 0
3918, 1959, 14602, 232, 0, 0
3920, 1960, 14594, 233, 0, 0
3922, 1961, 14591, 231, 0, 0
3924, 1962, 14592, 227, 0, 0
3926, 1963, 14602, 260, 0, 0
3928, 1964, 14529, 228, 0, 0
3930, 1965, 14591, 232, 0, 0
3932, 1966, 14602, 244, 0, 0
3934, 1967, 14601, 236, 0, 0
3936, 1968, 14595, 236, 0, 0
3938, 1969, 14594, 233, 0, 0
3940, 1970, 14512, 227, 0, 0
3942, 1971, 14610, 229, 0, 0
3944, 1972, 14596, 227, 0, 0
3946, 1973, 14602, 230, 0, 0
3948, 1974, 14605, 228, 0, 0
3950, 1975, 14615, 230, 0, 0
3952, 1976, 14525, 227, 0, 0
3954, 1977, 14603, 241, 0, 0
3956, 1978, 14607, 232, 0, 0
3958, 1979, 14612, 227, 0, 0
3960, 1980, 14603, 231, 0, 0
3962, 1981, 14605, 228, 0, 0
3964, 1982, 14525, 234, 0, 0
3966, 1983, 14621, 247, 0, 0
3968, 1984, 14601, 229, 0, 0
3970, 1985, 14608, 236, 0, 0
3972, 1986, 14613, 229, 0, 0
3974, 1987, 14556, 228, 0, 0
3976, 1988, 14609, 234, 0, 0
3978, 1989, 14609, 235, 0, 0
3980, 1990, 14617, 228, 0, 0
3982, 1991, 14624, 242, 0, 0
3984, 1992, 14610, 255, 0, 0
3986, 1993, 14542, 232, 0, 0
3988, 1994, 14618, 227, 0, 0
3990, 1995, 14628, 229, 0, 0
3992, 1996, 14613, 227, 0, 0
3994, 1997, 14609, 228, 0, 0
3996, 1998, 14617, 227, 0, 0
3998, 1999, 14567, 250, 0, 0
4000, 2000, 14622, 227, 0, 0
4002, 2001, 14611, 228, 0, 0
4004, 2002, 14620, 239, 0, 0
4006, 2003, 14631, 228, 0, 0
4008, 2004, 14622, 227, 0, 0
4010, 2005, 14547, 234, 0, 0
4012, 2006, 14640, 304, 0, 0
4014, 2007, 14638, 233, 0, 0
4016, 2008, 14625, 232, 0, 0
4018, 2009, 14621, 234, 0, 0
4020, 2010, 14628, 231, 0, 0
4022, 2011, 14560, 227, 0, 0
4024, 2012, 14623, 231, 0, 0
4026, 2013, 14623, 227, 0, 0
4028, 2014, 14625, 237, 0, 0
4030, 2015, 14642, 231, 0, 0
4032, 2016, 14555, 229, 0, 0
4034, 2017, 14629, 227, 0, 0
4036, 2018, 14631, 229, 0, 0
4038, 2019, 14631, 227, 0, 0
4040, 2020, 14627, 236, 0, 0
4042, 2021, 14628, 301, 0, 0
4044, 2022, 14570, 228, 0, 0
4046, 2023, 14645, 233, 0, 0
4048, 2024, 14631, 230, 0, 0
4050, 2025, 14627, 246, 0, 0
4052, 2026, 14635, 227, 0, 0
4054, 2027, 14640, 285, 0, 0
4056, 2028, 14553, 232, 2, 0
4058, 2029, 14631, 235, 0, 0
4060, 2030, 14640, 230, 0, 0
4062, 2031, 14641, 232, 0, 0
4064, 2032, 14637, 229, 0, 0
4066, 2033, 14633, 228, 0, 0
4068, 2034, 14573, 228, 0, 0
4070, 2035, 14646, 230, 0, 0
4072, 2036, 14635, 227, 0, 0
4074, 2037, 14638, 241, 0, 0
4076, 2038, 14641, 233, 0, 0
4078, 2039, 14647, 227, 0, 0
4080, 2040, 14541, 233, 1, 0
4082, 2041, 14640, 227, 0, 0
4084, 2042, 14638, 231, 0, 0
4086, 2043, 14649, 227, 0, 0
4088, 2044, 14637, 232, 0, 0
4090, 2045, 14642, 232, 0, 0
4092, 2046, 14555, 231, 0, 0
4094, 2047, 14652, 227, 0, 0
4096, 2048, 14656, 236, 0, 0
4098, 2049, 14641, 227, 0, 0
4100, 2050, 14640, 236, 0, 0
4102, 2051, 14582, 234, 0, 0
4104, 2052, 14658, 230, 0, 0
4106, 2053, 14649, 229, 0, 0
4108, 2054, 14650, 229, 0, 0
4110, 2055, 14653, 233, 0, 0
4112, 2056, 14657, 228, 0, 0
4114, 2057, 14581, 233, 0, 0
4116, 2058, 14648, 227, 0, 0
4118, 2059, 14653, 240, 0, 0
4120, 2060, 14660, 229, 0, 0
4122, 2061, 14646, 276, 0, 0
4124, 2062, 14651, 227, 0, 0
4126, 2063, 14580, 229, 0, 0
4128, 2064, 14662, 227, 0, 0
4130, 2065, 14664, 238, 0, 0
4132, 2066, 14659, 228, 0, 0
4134, 2067, 14660, 230, 0, 0
4136, 2068, 14670, 236, 0, 0
4138, 2069, 14597, 227, 0, 0
4140, 2070, 14666, 307, 0, 0
4142, 2071, 14659, 234, 0, 0
4144, 2072, 14661, 231, 0, 0
4146, 2073, 14668, 230, 0, 0
4148, 2074, 14658, 231, 0, 0
4150, 2075, 14657, 227, 0, 0
4152, 2076, 14660, 227, 0, 0
4154, 2077, 14669, 233, 0, 0
4156, 2078, 14673, 228, 0, 0
4158, 2079, 14661, 232, 0, 0
4160, 2080, 14603, 227, 0, 0
4162, 2081, 14679, 232, 0, 0
4164, 2082, 14673, 227, 0, 0
4166, 2083, 14652, 231, 0, 0
4168, 2084, 14659, 228, 0, 0
4170, 2085, 14669, 229, 0, 0
4172, 2086, 14609, 228, 0, 0
4174, 2087, 14667, 250, 0, 0
4176, 2088, 14668, 227, 0, 0
4178, 2089, 14664, 229, 0, 0
4180, 2090, 14674, 227, 0, 0
4182, 2091, 14681, 230, 0, 0
4184, 2092, 14590, 227, 0, 0
4186, 2093, 14668, 250, 0, 0
4188, 2094, 14674, 233, 0, 0
4190, 2095, 14679, 229, 0, 0
4192, 2096, 14667, 232, 0, 0
4194, 2097, 14672, 263, 0, 0
4196, 2098, 14571, 232, 1, 0
4198, 2099, 14688, 227, 0, 0
4200, 2100, 14668, 230, 0, 0
4202, 2101, 14675, 227, 0, 0
4204, 2102, 14673, 273, 0, 0
4206, 2103, 14612, 240, 0, 0
4208, 2104, 14689, 229, 0, 0
4210, 2105, 14677, 227, 0, 0
4212, 2106, 14676, 243, 0, 0
4214, 2107, 14680, 233, 0, 0
4216, 2108, 14680, 228, 0, 0
4218, 2109, 14594, 227, 1, 0
4220, 2110, 14678, 230, 0, 0
4222, 2111, 14678, 231, 0, 0
4224, 2112, 14688, 228, 0, 0
4226, 2113, 14690, 230, 0, 0
4228, 2114, 14680, 232, 0, 0
4230, 2115, 14608, 230, 0, 0
4232, 2116, 14689, 227, 0, 0
4234, 2117, 14691, 229, 0, 0
4236, 2118, 14680, 227, 0, 0
4238, 2119, 14679, 230, 0, 0
4240, 2120, 14680, 227, 0, 0
4242, 2121, 14608, 242, 0, 0
4244, 2122, 14701, 236, 0, 0
4246, 2123, 14683, 266, 0, 0
4248, 2124, 14682, 232, 0, 0
4250, 2125, 14686, 228, 0, 0
4252, 2126, 14694, 231, 0, 0
4254, 2127, 14606, 263, 0, 0
4256, 2128, 14691, 231, 0, 0
4258, 2129, 14695, 227, 0, 0
4260, 2130, 14701, 233, 0, 0
4262, 2131, 14710, 227, 0, 0
4264, 2132, 14624, 229, 0, 0
4266, 2133, 14696, 227, 0, 0
4268, 2134, 14697, 228, 0, 0
4270, 2135, 14701, 232, 0, 0
4272, 2136, 14693, 251, 0, 0
4274, 2137, 14688, 232, 0, 0
4276, 2138, 14628, 230, 0, 0
4278, 2139, 14700, 271, 0, 0
4280, 2140, 14706, 228, 0, 0
4282, 2141, 14695, 245, 0, 0
4284, 2142, 14687, 227, 0, 0
4286, 2143, 14697, 230, 0, 0
4288, 2144, 14629, 227, 0, 0
4290, 2145, 14695, 232, 0, 0
4292, 2146, 14698, 229, 0, 0
4294, 2147, 14694, 255, 0, 0
4296, 2148, 14704, 227, 0, 0
4298, 2149, 14706, 229, 0, 0
4300, 2150, 14617, 227, 0, 0
4302, 2151, 14700, 231, 0, 0
4304, 2152, 14704, 227, 0, 0
4306, 2153, 14707, 229, 0, 0
4308, 2154, 14716, 232, 0, 0
4310, 2155, 14635, 237, 0, 0
4312, 2156, 14702, 233, 0, 0
4314, 2157, 14707, 229, 0, 0
4316, 2158, 14712, 230, 0, 0
4318, 2159, 14705, 227, 0, 0
4320, 2160, 14700, 232, 0, 0
4322, 2161, 14643, 227, 0, 0
4324, 2162, 14710, 230, 0, 0
4326, 2163, 14722, 231, 0, 0
4328, 2164, 14703, 241, 0, 0
4330, 2165, 14708, 227, 0, 0
4332, 2166, 14706, 231, 0, 0
4334, 2167, 14628, 227, 0, 0
4336, 2168, 14724, 232, 0, 0
4338, 2169, 14706, 232, 0, 0
4340, 2170, 14710, 227, 0, 0
4342, 2171, 14707, 239, 0, 0
4344, 2172, 14723, 235, 0, 0
4346, 2173, 14637, 248, 0, 0
4348, 2174, 14705, 227, 0, 0
4350, 2175, 14709, 230, 0, 0
4352, 2176, 14720, 229, 0, 0
4354, 2177, 14718, 241, 0, 0
4356, 2178, 14714, 227, 0, 0
4358, 2179, 14605, 229, 0, 0
4360, 2180, 14717, 247, 0, 0
4362, 2181, 14717, 230, 0, 0
4364, 2182, 14726, 227, 0, 0
4366, 2183, 14713, 228, 0, 0
4368, 2184, 14645, 227, 0, 0
4370, 2185, 14718, 228, 0, 0
4372, 2186, 14728, 233, 0, 0
4374, 2187, 14728, 227, 0, 0
4376, 2188, 14716, 243, 0, 0
4378, 2189, 14715, 227, 0, 0
4380, 2190, 14657, 236, 0, 0
4382, 2191, 14739, 227, 0, 0
4384, 2192, 14724, 231, 0, 0
4386, 2193, 14728, 229, 0, 0
4388, 2194, 14721, 229, 0, 0
4390, 2195, 14729, 227, 0, 0
4392, 2196, 14654, 230, 0, 0
4394, 2197, 14725, 227, 0, 0
4396, 2198, 14719, 228, 0, 0
4398, 2199, 14724, 230, 0, 0
4400, 2200, 14727, 239, 0, 0
4402, 2201, 14667, 232, 0, 0
4404, 2202, 14727, 228, 0, 0
4406, 2203, 14725, 231, 0, 0
4408, 2204, 14723, 233, 0, 0
4410, 2205, 14734, 230, 0, 0
4412, 2206, 14738, 241, 0, 0
4414, 2207, 14659, 230, 0, 0
4416, 2208, 14732, 227, 0, 0
4418, 2209, 14724, 231, 0, 0
4420, 2210, 14737, 231, 0, 0
4422, 2211, 14739, 253, 0, 0
4424, 2212, 14666, 228, 0, 0
4426, 2213, 14733, 228, 0, 0
4428, 2214, 14728, 232, 0, 0
4430, 2215, 14741, 242, 0, 0
4432, 2216, 14741, 236, 0, 0
4434, 2217, 14668, 332, 0, 0
4436, 2218, 14733, 236, 0, 0
4438, 2219, 14734, 229, 0, 0
4440, 2220, 14741, 254, 0, 0
4442, 2221, 14748, 251, 0, 0
4444, 2222, 14734, 229, 0, 0
4446, 2223, 14674, 252, 0, 0
4448, 2224, 14737, 232, 0, 0
4450, 2225, 14747, 227, 0, 0
4452, 2226, 14748, 229, 0, 0
4454, 2227, 14741, 227, 0, 0
4456, 2228, 14671, 228, 0, 0
4458, 2229, 14740, 248, 0, 0
4460, 2230, 14751, 229, 0, 0
4462, 2231, 14749, 231, 0, 0
4464, 2232, 14740, 227, 0, 0
4466, 2233, 14737, 230, 0, 0
4468, 2234, 14673, 228, 0, 0
4470, 2235, 14749, 229, 0, 0
4472, 2236, 14755, 227, 0, 0
4474, 2237, 14741, 237, 0, 0
4476, 2238, 14743, 228, 0, 0
4478, 2239, 14655, 293, 1, 0
4480, 2240, 14755, 233, 0, 0
4482, 2241, 14760, 228, 0, 0
4484, 2242, 14742, 237, 0, 0
4486, 2243, 14743, 228, 0, 0
4488, 2244, 14745, 232, 0, 0
4490, 2245, 14688, 227, 0, 0
4492, 2246, 14760, 230, 0, 0
4494, 2247, 14747, 227, 0, 0
4496, 2248, 14739, 230, 0, 0
4498, 2249, 14749, 231, 0, 0
4500, 2250, 14670, 231, 1, 0
4502, 2251, 14762, 227, 0, 0
4504, 2252, 14752, 229, 0, 0
4506, 2253, 14754, 244, 0, 0
4508, 2254, 14762, 228, 0, 0
4510, 2255, 14765, 234, 0, 0
4512, 2256, 14700, 227, 0, 0
4514, 2257, 14756, 231, 0, 0
4516, 2258, 14752, 228, 0, 0
4518, 2259, 14752, 230, 0, 0
4520, 2260, 14761, 260, 0, 0
4522, 2261, 14694, 235, 0, 0
4524, 2262, 14757, 227, 0, 0
4526, 2263, 14750, 229, 0, 0
4528, 2264, 14753, 227, 0, 0
4530, 2265, 14758, 228, 0, 0
4532, 2266, 14701, 233, 0, 0
4534, 2267, 14754, 253, 0, 0
4536, 2268, 14759, 232, 0, 0
4538, 2269, 14751, 227, 0, 0
4540, 2270, 14756, 231, 0, 0
4542, 2271, 14761, 228, 0, 0
4544, 2272, 14683, 231, 0, 0
4546, 2273, 14753, 227, 0, 0
4548, 2274, 14752, 230, 0, 0
4550, 2275, 14764, 229, 0, 0
4552, 2276, 14770, 233, 0, 0
4554, 2277, 14697, 253, 0, 0
4556, 2278, 14758, 228, 0, 0
4558, 2279, 14765, 312, 0, 0
4560, 2280, 14763, 230, 0, 0
4562, 2281, 14774, 232, 0, 0
4564, 2282, 14781, 228, 0, 0
4566, 2283, 14693, 232, 0, 0
4568, 2284, 14767, 229, 0, 0
4570, 2285, 14762, 231, 0, 0
4572, 2286, 14776, 227, 0, 0
4574, 2287, 14780, 230, 0, 0
4576, 2288, 14699, 227, 0, 0
4578, 2289, 14766, 230, 0, 0
4580, 2290, 14762, 227, 0, 0
4582, 2291, 14772, 229, 0, 0
4584, 2292, 14781, 227, 0, 0
4586, 2293, 14699, 232, 0, 0
4588, 2294, 14773, 228, 0, 0
4590, 2295, 14768, 230, 0, 0
4592, 2296, 14776, 233, 0, 0
4594, 2297, 14779, 253, 0, 0
4596, 2298, 14765, 234, 0, 0
4598, 2299, 14705, 229, 0, 0
4600, 2300, 14767, 231, 0, 0
4602, 2301, 14777, 244, 0, 0
4604, 2302, 14781, 249, 0, 0
4606, 2303, 14785, 228, 0, 0
4608, 2304, 14706, 230, 0, 0
4610, 2305, 14772, 227, 0, 0
4612, 2306, 14775, 232, 0, 0
4614, 2307, 14780, 228, 0, 0
4616, 2308, 14784, 237, 0, 0
4618, 2309, 14781, 227, 0, 0
4620, 2310, 14687, 229, 1, 0
4622, 2311, 14778, 232, 0, 0
4624, 2312, 14780, 250, 0, 0
4626, 2313, 14787, 233, 0, 0
4628, 2314, 14782, 233, 0, 0
4630, 2315, 14713, 234, 0, 0
4632, 2316, 14788, 228, 0, 0
4634, 2317, 14783, 232, 0, 0
4636, 2318, 14794, 246, 0, 0
4638, 2319, 14795, 231, 0, 0
4640, 2320, 14693, 233, 0, 0
4642, 2321, 14781, 231, 0, 0
4644, 2322, 14781, 250, 0, 0
4646, 2323, 14787, 228, 0, 0
4648, 2324, 14787, 227, 0, 0
4650, 2325, 14775, 229, 0, 0
4652, 2326, 14717, 227, 0, 0
4654, 2327, 14782, 228, 0, 0
4656, 2328, 14785, 233, 0, 0
4658, 2329, 14795, 230, 0, 0
4660, 2330, 14797, 233, 0, 0
4662, 2331, 14718, 228, 0, 0
4664, 2332, 14781, 233, 0, 0
4666, 2333, 14790, 248, 0, 0
4668, 2334, 14792, 230, 0, 0
4670, 2335, 14799, 227, 0, 0
4672, 2336, 14785, 236, 0, 0
4674, 2337, 14705, 227, 0, 0
4676, 2338, 14790, 232, 0, 0
4678, 2339, 14795, 231, 0, 0
4680, 2340, 14796, 229, 0, 0
4682, 2341, 14793, 232, 0, 0
4684, 2342, 14719, 245, 0, 0
4686, 2343, 14793, 232, 0, 0
4688, 2344, 14793, 229, 0, 0
4690, 2345, 14795, 238, 0, 0
4692, 2346, 14805, 227, 0, 0
4694, 2347, 14725, 294, 0, 0
4696, 2348, 14798, 248, 0, 0
4698, 2349, 14791, 235, 0, 0
4700, 2350, 14800, 230, 0, 0
4702, 2351, 14804, 228, 0, 0
4704, 2352, 14795, 252, 0, 0
4706, 2353, 14729, 281, 0, 0
4708, 2354, 14797, 227, 0, 0
4710, 2355, 14797, 231, 0, 0
4712, 2356, 14806, 235, 0, 0
4714, 2357, 14807, 229, 0, 0
4716, 2358, 14729, 251, 0, 0
4718, 2359, 14798, 228, 0, 0
4720, 2360, 14795, 232, 0, 0
4722, 2361, 14803, 260, 0, 0
4724, 2362, 14804, 231, 0, 0
4726, 2363, 14817, 229, 0, 0
4728, 2364, 14717, 237, 0, 0
4730, 2365, 14802, 233, 0, 0
4732, 2366, 14797, 229, 0, 0
4734, 2367, 14805, 241, 0, 0
4736, 2368, 14812, 228, 0, 0
4738, 2369, 14733, 242, 0, 0
4740, 2370, 14801, 229, 0, 0
4742, 2371, 14803, 227, 0, 0
4744, 2372, 14801, 235, 0, 0
4746, 2373, 14814, 232, 0, 0
4748, 2374, 14751, 227, 0, 0
4750, 2375, 14803, 272, 0, 0
4752, 2376, 14812, 231, 0, 0
4754, 2377, 14807, 231, 0, 0
4756, 2378, 14816, 232, 0, 0
4758, 2379, 14828, 231, 0, 0
4760, 2380, 14733, 228, 1, 0
4762, 2381, 14808, 230, 0, 0
4764, 2382, 14808, 228, 0, 0
4766, 2383, 14807, 230, 0, 0
4768, 2384, 14812, 227, 0, 0
4770, 2385, 14753, 236, 0, 0
4772, 2386, 14810, 240, 0, 0
4774, 2387, 14808, 228, 0, 0
4776, 2388, 14809, 292, 0, 0
4778, 2389, 14809, 228, 0, 0
4780, 2390, 14817, 234, 0, 0
4782, 2391, 14721, 250, 0, 0
4784, 2392, 14811, 233, 0, 0
4786, 2393, 14813, 230, 0, 0
4788, 2394, 14807, 233, 0, 0
4790, 2395, 14817, 237, 0, 0
4792, 2396, 14749, 230, 0, 0
4794, 2397, 14834, 228, 0, 0
4796, 2398, 14812, 229, 0, 0
4798, 2399, 14811, 229, 0, 0
4800, 2400, 14812, 229, 0, 0
4802, 2401, 14750, 239, 0, 0
4804, 2402, 14828, 264, 0, 0
4806, 2403, 14819, 259, 0, 0
4808, 2404, 14814, 229, 0, 0
4810, 2405, 14813, 250, 0, 0
4812, 2406, 14815, 228, 0, 0
4814, 2407, 14758, 235, 0, 0
4816, 2408, 14834, 228, 0, 0
4818, 2409, 14817, 234, 0, 0
4820, 2410, 14822, 228, 0, 0
4822, 2411, 14815, 231, 0, 0
4824, 2412, 14757, 232, 0, 0
4826, 2413, 14828, 233, 0, 0
4828, 2414, 14833, 232, 0, 0
4830, 2415, 14819, 232, 0, 0
4832, 2416, 14819, 228, 0, 0
4834, 2417, 14817, 234, 0, 0
4836, 2418, 14819, 234, 0, 0
4838, 2419, 14836, 232, 0, 0
4840, 2420, 14836, 234, 0, 0
4842, 2421, 14820, 227, 0, 0
4844, 2422, 14821, 230, 0, 0
4846, 2423, 14758, 231, 0, 0
4848, 2424, 14828, 272, 0, 0
4850, 2425, 14837, 232, 0, 0
4852, 2426, 14841, 229, 0, 0
4854, 2427, 14823, 253, 0, 0
4856, 2428, 14758, 228, 0, 0
4858, 2429, 14827, 241, 0, 0
4860, 2430, 14834, 228, 0, 0
4862, 2431, 14832, 262, 0, 0
4864, 2432, 14846, 227, 0, 0
4866, 2433, 14823, 230, 0, 0
4868, 2434, 14764, 227, 0, 0
4870, 2435, 14828, 232, 0, 0
4872, 2436, 14831, 228, 0, 0
4874, 2437, 14840, 230, 0, 0
4876, 2438, 14836, 229, 0, 0
4878, 2439, 14770, 232, 0, 0
4880, 2440, 14841, 232, 0, 0
4882, 2441, 14834, 231, 0, 0
4884, 2442, 14840, 248, 0, 0
4886, 2443, 14846, 233, 0, 0
4888, 2444, 14767, 405, 0, 0
4890, 2445, 14835, 227, 0, 0
4892, 2446, 14830, 230, 0, 0
4894, 2447, 14834, 228, 0, 0
4896, 2448, 14834, 233, 0, 0
4898, 2449, 14846, 227, 0, 0
4900, 2450, 14747, 231, 1, 0
4902, 2451, 14835, 227, 0, 0
4904, 2452, 14833, 264, 0, 0
4906, 2453, 14834, 227, 0, 0
4908, 2454, 14840, 230, 0, 0
4910, 2455, 14779, 227, 0, 0
4912, 2456, 14855, 230, 0, 0
4914, 2457, 14837, 236, 0, 0
4916, 2458, 14834, 228, 0, 0
4918, 2459, 14836, 236, 0, 0
4920, 2460, 14844, 229, 0, 0
4922, 2461, 14765, 230, 0, 0
4924, 2462, 14861, 229, 0, 0
4926, 2463, 14833, 229, 0, 0
4928, 2464, 14838, 227, 0, 0
4930, 2465, 14836, 231, 0, 0
4932, 2466, 14778, 228, 0, 0
4934, 2467, 14854, 230, 0, 0
4936, 2468, 14860, 232, 0, 0
4938, 2469, 14842, 248, 0, 0
4940, 2470, 14836, 232, 0, 0
4942, 2471, 14779, 265, 0, 0
4944, 2472, 14849, 234, 0, 0
4946, 2473, 14854, 229, 0, 0
4948, 2474, 14861, 231, 0, 0
4950, 2475, 14843, 230, 0, 0
4952, 2476, 14841, 229, 0, 0
4954, 2477, 14779, 227, 0, 0
4956, 2478, 14848, 231, 0, 0
4958, 2479, 14858, 233, 0, 0
4960, 2480, 14861, 229, 0, 0
4962, 2481, 14845, 232, 0, 0
4964, 2482, 14783, 229, 0, 0
4966, 2483, 14846, 232, 0, 0
4968, 2484, 14853, 227, 0, 0
4970, 2485, 14855, 248, 0, 0
4972, 2486, 14864, 228, 0, 0
4974, 2487, 14847, 237, 0, 0
4976, 2488, 14782, 228, 0, 0
4978, 2489, 14851, 229, 0, 0
4980, 2490, 14852, 287, 0, 0
4982, 2491, 14857, 228, 0, 0
4984, 2492, 14863, 232, 0, 0
4986, 2493, 14784, 228, 0, 0
4988, 2494, 14846, 237, 0, 0
4990, 2495, 14844, 229, 0, 0
4992, 2496, 14856, 231, 0, 0
4994, 2497, 14864, 227, 0, 0
4996, 2498, 14791, 241, 0, 0
4998, 2499, 14871, 227, 0, 0
5000, 2500, 14850, 229, 0, 0
Program complete!


nios2-terminal: exiting due to ^C on host

nios2-terminal: Warning: The JTAG cable you are using is not supported for Nios
nios2-terminal: II systems.  You may experience intermittent JTAG communication
nios2-terminal: failures with this cable.  Please use a USB Blaster revision B
nios2-terminal: cable or another supported cable.  Please refer to the file
nios2-terminal: errata.txt included in the Nios II development kit documents
nios2-terminal: directory for more information.

