nios2-terminal: connected to hardware target using JTAG UART on cable
nios2-terminal: "USB-Blaster [USB-0]", device 1, instance 0
nios2-terminal: (Use the IDE stop button or Ctrl-C to terminate)

Tight Polling method selected
Please, press PB0 to continue, or change switch position and press PB1
2, 1, 15351, 4, 53372, 0,
4, 2, 12427, 6, 34907, 114,
6, 3, 7190, 9, 52133, 13949,
8, 4, 12495, 8, 835, 0,
10, 5, 12216, 8, 30299, 0,
12, 6, 10531, 8, 7562, 0,
14, 7, 7102, 8, 51329, 0,
16, 8, 13467, 11, 43557, 0,
18, 9, 7148, 12, 27579, 0,
20, 10, 10594, 15, 21167, 0,
22, 11, 13418, 17, 13060, 0,
24, 12, 10878, 19, 621, 0,
26, 13, 4942, 20, 61846, 0,
28, 14, 12162, 23, 1086, 0,
30, 15, 13908, 25, 59501, 0,
32, 16, 8282, 27, 52552, 0,
34, 17, 8439, 29, 45387, 0,
36, 18, 11560, 28, 47000, 0,
38, 19, 11500, 31, 43770, 0,
40, 20, 10673, 33, 41427, 0,
42, 21, 13137, 34, 41724, 0,
44, 22, 900, 32, 19148, 0,
46, 23, 2087, 34, 17196, 0,
48, 24, 2416, 36, 15250, 0,
50, 25, 9502, 41, 28974, 0,
52, 26, 2838, 36, 12790, 0,
54, 27, 9870, 44, 27485, 0,
56, 28, 9709, 47, 25933, 0,
58, 29, 6599, 33, 13630, 0,
60, 30, 15853, 51, 32103, 0,
62, 31, 11976, 49, 24339, 0,
64, 32, 11012, 49, 21281, 0,
66, 33, 13217, 54, 25869, 0,
68, 34, 12025, 54, 23571, 0,
70, 35, 12529, 57, 23450, 0,
72, 36, 11318, 59, 20532, 0,
74, 37, 11007, 62, 19967, 0,
76, 38, 12647, 60, 20811, 0,
78, 39, 11057, 58, 18191, 0,
80, 40, 10291, 64, 17599, 0,
82, 41, 7159, 50, 7476, 0,
84, 42, 6613, 42, 6916, 0,
86, 43, 6833, 52, 7141, 0,
88, 44, 6945, 52, 7245, 0,
90, 45, 9252, 55, 9605, 0,
92, 46, 9482, 53, 9760, 0,
94, 47, 11089, 70, 11379, 0,
96, 48, 11474, 70, 11740, 0,
98, 49, 11854, 73, 12110, 0,
100, 50, 12294, 74, 12550, 0,
102, 51, 12604, 76, 12926, 0,
104, 52, 12428, 84, 13429, 0,
106, 53, 12701, 86, 12944, 0,
108, 54, 13073, 85, 14953, 0,
110, 55, 13229, 90, 13456, 0,
112, 56, 12513, 81, 12726, 0,
114, 57, 14236, 105, 15872, 0,
116, 58, 13961, 103, 14169, 0,
118, 59, 14632, 103, 14824, 0,
120, 60, 15281, 103, 15467, 0,
122, 61, 15905, 113, 16084, 0,
124, 62, 15656, 115, 15316, 0,
126, 63, 15304, 110, 14604, 0,
128, 64, 15191, 116, 13885, 0,
130, 65, 14947, 111, 13167, 0,
132, 66, 14742, 108, 12508, 0,
134, 67, 14526, 116, 11851, 0,
136, 68, 14311, 106, 11206, 0,
138, 69, 14004, 105, 10607, 0,
140, 70, 13905, 102, 9974, 0,
142, 71, 13714, 104, 9386, 0,
144, 72, 13522, 98, 8686, 0,
146, 73, 13337, 93, 8071, 0,
148, 74, 13103, 93, 7504, 0,
150, 75, 12981, 89, 6893, 0,
152, 76, 12821, 90, 6402, 0,
154, 77, 12687, 116, 10229, 0,
156, 78, 12502, 76, 5451, 0,
158, 79, 13300, 119, 9486, 0,
160, 80, 12157, 126, 9043, 0,
162, 81, 12065, 118, 8854, 0,
164, 82, 11918, 111, 8174, 0,
166, 83, 11773, 111, 8375, 0,
168, 84, 11862, 125, 8137, 0,
170, 85, 11637, 118, 7759, 0,
172, 86, 11327, 114, 7724, 0,
174, 87, 11254, 124, 7620, 0,
176, 88, 11293, 119, 7476, 0,
178, 89, 12546, 131, 7056, 0,
180, 90, 10860, 99, 5564, 0,
182, 91, 10740, 95, 5503, 0,
184, 92, 10567, 98, 5469, 0,
186, 93, 10508, 101, 5385, 0,
188, 94, 10399, 105, 5326, 0,
190, 95, 10287, 103, 5274, 0,
192, 96, 10183, 105, 5216, 0,
194, 97, 10043, 122, 5174, 0,
196, 98, 9997, 106, 5088, 0,
198, 99, 9911, 103, 5048, 0,
200, 100, 9806, 107, 4995, 0,
202, 101, 9746, 107, 4926, 0,
204, 102, 9831, 112, 4769, 0,
206, 103, 12143, 122, 3513, 0,
208, 104, 12550, 115, 3615, 0,
210, 105, 12465, 136, 3866, 0,
212, 106, 11960, 110, 2938, 0,
214, 107, 11206, 119, 3606, 0,
216, 108, 12262, 134, 3686, 0,
218, 109, 10745, 125, 3274, 0,
220, 110, 11635, 126, 2998, 0,
222, 111, 11189, 120, 2486, 0,
224, 112, 10852, 111, 2758, 0,
226, 113, 8681, 29, 121, 0,
228, 114, 11212, 114, 2729, 0,
230, 115, 8487, 27, 165, 0,
232, 116, 8460, 39, 114, 0,
234, 117, 8384, 24, 111, 0,
236, 118, 8316, 26, 99, 0,
238, 119, 8246, 28, 102, 0,
240, 120, 8174, 30, 100, 0,
242, 121, 8068, 35, 128, 0,
244, 122, 8041, 28, 92, 0,
246, 123, 10622, 122, 2744, 0,
248, 124, 7913, 29, 87, 0,
250, 125, 7847, 25, 92, 0,
252, 126, 7758, 30, 117, 0,
254, 127, 7723, 39, 88, 0,
256, 128, 7664, 29, 87, 0,
258, 129, 7602, 32, 88, 0,
260, 130, 7545, 29, 90, 0,
262, 131, 7487, 32, 87, 0,
264, 132, 7392, 29, 128, 0,
266, 133, 7376, 28, 87, 0,
268, 134, 7320, 30, 90, 0,
270, 135, 7266, 29, 87, 0,
272, 136, 7214, 80, 86, 0,
274, 137, 7158, 29, 86, 0,
276, 138, 7077, 48, 115, 0,
278, 139, 7055, 27, 85, 0,
280, 140, 7006, 30, 85, 0,
282, 141, 6960, 27, 83, 0,
284, 142, 6920, 30, 86, 0,
286, 143, 6865, 30, 80, 0,
288, 144, 6780, 31, 119, 0,
290, 145, 6772, 28, 77, 0,
292, 146, 6733, 30, 79, 0,
294, 147, 6684, 29, 76, 0,
296, 148, 6642, 27, 78, 0,
298, 149, 6568, 76, 93, 0,
300, 150, 6562, 28, 76, 0,
302, 151, 7213, 32, 78, 0,
304, 152, 6823, 35, 78, 0,
306, 153, 8519, 26, 77, 0,
308, 154, 9067, 28, 83, 0,
310, 155, 8985, 28, 100, 0,
312, 156, 10123, 27, 81, 0,
314, 157, 9004, 31, 76, 0,
316, 158, 7595, 49, 75, 0,
318, 159, 6200, 42, 72, 0,
320, 160, 6838, 38, 73, 0,
322, 161, 7438, 33, 93, 0,
324, 162, 8087, 31, 70, 0,
326, 163, 8697, 31, 72, 0,
328, 164, 9211, 31, 75, 0,
330, 165, 10490, 29, 76, 0,
332, 166, 11327, 28, 83, 0,
334, 167, 11411, 24, 102, 0,
336, 168, 11246, 26, 81, 0,
338, 169, 10312, 39, 75, 0,
340, 170, 9087, 27, 69, 0,
342, 171, 10258, 34, 77, 0,
344, 172, 10816, 27, 78, 0,
346, 173, 10390, 31, 103, 0,
348, 174, 10878, 34, 73, 0,
350, 175, 11211, 28, 76, 0,
352, 176, 11150, 27, 73, 0,
354, 177, 11087, 28, 73, 0,
356, 178, 10991, 27, 92, 0,
358, 179, 10957, 27, 69, 0,
360, 180, 10898, 30, 65, 0,
362, 181, 10847, 24, 61, 0,
364, 182, 10788, 31, 60, 0,
366, 183, 10729, 26, 60, 0,
368, 184, 10627, 30, 81, 0,
370, 185, 10615, 28, 58, 0,
372, 186, 10559, 31, 59, 0,
374, 187, 10507, 78, 52, 0,
376, 188, 10453, 37, 56, 0,
378, 189, 10393, 38, 57, 0,
380, 190, 10301, 29, 76, 0,
382, 191, 10286, 31, 60, 0,
384, 192, 10233, 28, 57, 0,
386, 193, 10184, 30, 57, 0,
388, 194, 10130, 31, 57, 0,
390, 195, 10084, 28, 56, 0,
392, 196, 9984, 26, 83, 0,
394, 197, 9981, 30, 56, 0,
396, 198, 9933, 48, 58, 0,
398, 199, 9908, 30, 84, 0,
400, 200, 9831, 35, 55, 0,
402, 201, 9779, 30, 56, 0,
404, 202, 9725, 31, 58, 0,
406, 203, 9683, 30, 57, 0,
408, 204, 9636, 30, 56, 0,
410, 205, 9592, 60, 57, 0,
412, 206, 9541, 29, 58, 0,
414, 207, 9447, 43, 76, 0,
416, 208, 9446, 29, 54, 0,
418, 209, 9409, 33, 51, 0,
420, 210, 9362, 29, 49, 0,
422, 211, 9315, 28, 50, 0,
424, 212, 9277, 30, 50, 0,
426, 213, 9187, 34, 70, 0,
428, 214, 9191, 70, 46, 0,
430, 215, 9148, 28, 45, 0,
432, 216, 9104, 36, 45, 0,
434, 217, 9063, 29, 44, 0,
436, 218, 9019, 32, 44, 0,
438, 219, 8947, 28, 58, 0,
440, 220, 8940, 31, 43, 0,
442, 221, 8897, 28, 43, 0,
444, 222, 8858, 31, 43, 0,
446, 223, 8819, 25, 43, 0,
448, 224, 8778, 27, 43, 0,
450, 225, 8702, 29, 63, 0,
452, 226, 8702, 29, 44, 0,
454, 227, 8665, 42, 42, 0,
456, 228, 8623, 30, 45, 0,
458, 229, 8590, 34, 43, 0,
460, 230, 12770, 30, 59, 0,
462, 231, 8512, 30, 44, 0,
464, 232, 8478, 28, 43, 0,
466, 233, 12659, 28, 44, 0,
468, 234, 8408, 71, 42, 0,
470, 235, 8375, 28, 42, 0,
472, 236, 12463, 51, 60, 0,
474, 237, 12458, 28, 43, 0,
476, 238, 12410, 31, 44, 0,
478, 239, 12360, 25, 43, 0,
480, 240, 12307, 30, 44, 0,
482, 241, 12260, 28, 43, 0,
484, 242, 12165, 29, 58, 0,
486, 243, 12160, 27, 44, 0,
488, 244, 12114, 27, 43, 0,
490, 245, 12060, 56, 44, 0,
492, 246, 12013, 25, 42, 0,
494, 247, 11964, 43, 43, 0,
496, 248, 11857, 28, 63, 0,
498, 249, 11870, 32, 43, 0,
500, 250, 11819, 28, 44, 0,
502, 251, 11774, 30, 43, 0,
504, 252, 11725, 21, 44, 0,
506, 253, 11679, 28, 44, 0,
508, 254, 11577, 26, 62, 0,
510, 255, 11585, 26, 44, 0,
512, 256, 11545, 67, 42, 0,
514, 257, 11496, 27, 43, 0,
516, 258, 11451, 42, 44, 0,
518, 259, 11365, 27, 58, 0,
520, 260, 11360, 35, 44, 0,
522, 261, 11319, 24, 43, 0,
524, 262, 11276, 28, 43, 0,
526, 263, 11230, 26, 44, 0,
528, 264, 11190, 29, 43, 0,
530, 265, 11103, 29, 56, 0,
532, 266, 11106, 27, 43, 0,
534, 267, 11064, 48, 43, 0,
536, 268, 11021, 27, 44, 0,
538, 269, 10980, 36, 43, 0,
540, 270, 10940, 27, 45, 0,
542, 271, 10865, 33, 57, 0,
544, 272, 10863, 27, 42, 0,
546, 273, 11033, 35, 43, 0,
548, 274, 10795, 51, 42, 0,
550, 275, 11057, 23, 45, 0,
552, 276, 11002, 30, 42, 0,
554, 277, 11034, 29, 60, 0,
556, 278, 11685, 59, 43, 0,
558, 279, 10821, 32, 40, 0,
560, 280, 11119, 43, 41, 0,
562, 281, 12865, 24, 41, 0,
564, 282, 12396, 33, 61, 0,
566, 283, 13017, 29, 42, 0,
568, 284, 12275, 32, 43, 0,
570, 285, 11630, 31, 42, 0,
572, 286, 10970, 33, 40, 0,
574, 287, 10324, 42, 41, 0,
576, 288, 12807, 24, 61, 0,
578, 289, 11116, 54, 39, 0,
580, 290, 11467, 34, 38, 0,
582, 291, 11842, 39, 40, 0,
584, 292, 12211, 32, 41, 0,
586, 293, 12598, 36, 41, 0,
588, 294, 12919, 30, 54, 0,
590, 295, 13318, 29, 41, 0,
592, 296, 12740, 75, 38, 0,
594, 297, 13216, 30, 41, 0,
596, 298, 13188, 50, 41, 0,
598, 299, 13160, 27, 42, 0,
600, 300, 13042, 37, 58, 0,
602, 301, 13067, 29, 40, 0,
604, 302, 13015, 32, 41, 0,
606, 303, 12979, 24, 40, 0,
608, 304, 12939, 30, 41, 0,
610, 305, 12891, 30, 42, 0,
612, 306, 12789, 28, 56, 0,
614, 307, 12806, 63, 42, 0,
616, 308, 12770, 28, 40, 0,
618, 309, 12724, 44, 41, 0,
620, 310, 12683, 27, 41, 0,
622, 311, 12592, 35, 53, 0,
624, 312, 12598, 27, 42, 0,
626, 313, 12563, 30, 38, 0,
628, 314, 12519, 27, 41, 0,
630, 315, 12481, 30, 41, 0,
632, 316, 9321, 26, 40, 0,
634, 317, 12352, 28, 52, 0,
636, 318, 12363, 64, 40, 0,
638, 319, 12327, 26, 42, 0,
640, 320, 12293, 36, 40, 0,
642, 321, 12261, 20, 40, 0,
644, 322, 12221, 36, 42, 0,
646, 323, 12134, 27, 50, 0,
648, 324, 12148, 30, 39, 0,
650, 325, 12115, 27, 38, 0,
652, 326, 12075, 29, 40, 0,
654, 327, 12041, 27, 40, 0,
656, 328, 12020, 30, 40, 0,
658, 329, 11912, 79, 55, 0,
660, 330, 11934, 29, 39, 0,
662, 331, 11896, 46, 40, 0,
664, 332, 11860, 27, 39, 0,
666, 333, 11825, 37, 40, 0,
668, 334, 11745, 27, 52, 0,
670, 335, 11758, 21, 40, 0,
672, 336, 11719, 30, 42, 0,
674, 337, 11682, 32, 39, 0,
676, 338, 11649, 100, 37, 0,
678, 339, 11614, 31, 39, 0,
680, 340, 11539, 62, 50, 0,
682, 341, 11544, 31, 38, 0,
684, 342, 11510, 36, 41, 0,
686, 343, 11477, 27, 40, 0,
688, 344, 11444, 33, 39, 0,
690, 345, 11415, 29, 37, 0,
692, 346, 11337, 30, 51, 0,
694, 347, 11347, 101, 41, 0,
696, 348, 11312, 29, 40, 0,
698, 349, 11281, 73, 41, 0,
700, 350, 14055, 29, 40, 0,
702, 351, 11212, 48, 40, 0,
704, 352, 11115, 31, 56, 0,
706, 353, 11151, 39, 39, 0,
708, 354, 11118, 30, 38, 0,
710, 355, 13851, 36, 40, 0,
712, 356, 13815, 29, 38, 0,
714, 357, 13772, 31, 41, 0,
716, 358, 13666, 29, 51, 0,
718, 359, 13694, 29, 35, 0,
720, 360, 13657, 61, 34, 0,
722, 361, 10904, 32, 37, 0,
724, 362, 13586, 59, 38, 0,
726, 363, 13467, 27, 51, 0,
728, 364, 10812, 31, 31, 0,
730, 365, 13481, 28, 33, 0,
732, 366, 13445, 31, 35, 0,
734, 367, 13403, 26, 35, 0,
736, 368, 13384, 30, 32, 0,
738, 369, 13286, 83, 43, 0,
740, 370, 13298, 30, 32, 0,
742, 371, 13261, 39, 33, 0,
744, 372, 13225, 27, 34, 0,
746, 373, 13188, 36, 32, 0,
748, 374, 13159, 29, 29, 0,
750, 375, 13068, 33, 41, 0,
752, 376, 13083, 26, 34, 0,
754, 377, 13044, 31, 33, 0,
756, 378, 13022, 71, 31, 0,
758, 379, 12977, 28, 33, 0,
760, 380, 12944, 49, 34, 0,
762, 381, 12847, 29, 47, 0,
764, 382, 12874, 34, 32, 0,
766, 383, 12845, 27, 32, 0,
768, 384, 12800, 33, 35, 0,
770, 385, 12776, 29, 33, 0,
772, 386, 12685, 46, 47, 0,
774, 387, 12717, 110, 34, 0,
776, 388, 12680, 29, 34, 0,
778, 389, 12645, 34, 34, 0,
780, 390, 12621, 28, 34, 0,
782, 391, 12576, 45, 33, 0,
784, 392, 12506, 28, 42, 0,
786, 393, 12521, 34, 34, 0,
788, 394, 12487, 28, 34, 0,
790, 395, 12698, 30, 34, 0,
792, 396, 12681, 52, 31, 0,
794, 397, 12681, 32, 32, 0,
796, 398, 12824, 74, 43, 0,
798, 399, 12935, 31, 22, 0,
800, 400, 12717, 48, 33, 0,
802, 401, 12386, 34, 35, 0,
804, 402, 12477, 32, 31, 0,
806, 403, 12564, 27, 35, 0,
808, 404, 12780, 33, 46, 0,
810, 405, 13094, 25, 34, 0,
812, 406, 13384, 24, 33, 0,
814, 407, 13776, 99, 34, 0,
816, 408, 14351, 24, 33, 0,
818, 409, 13711, 69, 33, 0,
820, 410, 13696, 28, 45, 0,
822, 411, 13709, 39, 33, 0,
824, 412, 13439, 30, 32, 0,
826, 413, 12887, 41, 33, 0,
828, 414, 12452, 37, 32, 0,
830, 415, 12244, 42, 40, 0,
832, 416, 13391, 49, 34, 0,
834, 417, 13498, 32, 32, 0,
836, 418, 13719, 55, 40, 0,
838, 419, 13433, 38, 32, 0,
840, 420, 13379, 48, 33, 0,
842, 421, 13483, 36, 41, 0,
844, 422, 13637, 43, 31, 0,
846, 423, 13781, 25, 32, 0,
848, 424, 13893, 40, 30, 0,
850, 425, 13859, 61, 30, 0,
852, 426, 13829, 30, 32, 0,
854, 427, 13727, 38, 41, 0,
856, 428, 13767, 30, 29, 0,
858, 429, 13732, 40, 29, 0,
860, 430, 13657, 29, 41, 0,
862, 431, 13669, 35, 30, 0,
864, 432, 13644, 28, 28, 0,
866, 433, 13528, 32, 45, 0,
868, 434, 13580, 35, 28, 0,
870, 435, 13546, 29, 32, 0,
872, 436, 13519, 45, 28, 0,
874, 437, 13491, 30, 29, 0,
876, 438, 13396, 43, 39, 0,
878, 439, 13431, 28, 27, 0,
880, 440, 13401, 33, 28, 0,
882, 441, 13367, 109, 30, 0,
884, 442, 13337, 33, 30, 0,
886, 443, 13297, 35, 30, 0,
888, 444, 13226, 29, 38, 0,
890, 445, 13242, 44, 31, 0,
892, 446, 13219, 29, 28, 0,
894, 447, 13196, 34, 30, 0,
896, 448, 13161, 27, 28, 0,
898, 449, 13135, 34, 31, 0,
900, 450, 13055, 91, 37, 0,
902, 451, 13074, 27, 29, 0,
904, 452, 13041, 47, 30, 0,
906, 453, 13024, 28, 25, 0,
908, 454, 12992, 29, 27, 0,
910, 455, 12957, 28, 31, 0,
912, 456, 12878, 35, 37, 0,
914, 457, 12903, 124, 29, 0,
916, 458, 12874, 30, 27, 0,
918, 459, 12849, 78, 30, 0,
920, 460, 12826, 27, 25, 0,
922, 461, 12798, 39, 21, 0,
924, 462, 12744, 30, 46, 0,
926, 463, 12758, 41, 19, 0,
928, 464, 12730, 30, 16, 0,
930, 465, 12697, 31, 20, 0,
932, 466, 12671, 28, 21, 0,
934, 467, 12597, 33, 26, 0,
936, 468, 12623, 44, 17, 0,
938, 469, 12606, 27, 15, 0,
940, 470, 12577, 32, 14, 0,
942, 471, 12556, 30, 12, 0,
944, 472, 12531, 48, 17, 0,
946, 473, 12462, 31, 22, 0,
948, 474, 12480, 38, 13, 0,
950, 475, 14468, 31, 32, 0,
952, 476, 12429, 35, 15, 0,
954, 477, 12403, 110, 17, 0,
956, 478, 12377, 30, 15, 0,
958, 479, 14304, 49, 33, 0,
960, 480, 12331, 32, 13, 0,
962, 481, 14293, 51, 30, 0,
964, 482, 12271, 29, 16, 0,
966, 483, 12247, 37, 14, 0,
968, 484, 14203, 30, 27, 0,
970, 485, 14100, 36, 36, 0,
972, 486, 14121, 60, 28, 0,
974, 487, 14113, 33, 29, 0,
976, 488, 12122, 38, 14, 0,
978, 489, 12102, 29, 5, 0,
980, 490, 13971, 68, 32, 0,
982, 491, 13999, 30, 27, 0,
984, 492, 13977, 33, 24, 0,
986, 493, 13942, 27, 26, 0,
988, 494, 13906, 36, 22, 0,
990, 495, 13889, 130, 24, 0,
992, 496, 13804, 27, 34, 0,
994, 497, 13815, 68, 26, 0,
996, 498, 13801, 27, 25, 0,
998, 499, 13822, 36, 5, 0,
1000, 500, 13746, 22, 25, 0,
1002, 501, 13739, 30, 23, 0,
1004, 502, 13634, 27, 34, 0,
1006, 503, 13678, 34, 21, 0,
1008, 504, 13652, 58, 15, 0,
1010, 505, 13628, 31, 22, 0,
1012, 506, 13613, 38, 15, 0,
1014, 507, 13576, 28, 17, 0,
1016, 508, 13459, 47, 29, 0,
1018, 509, 13530, 28, 11, 0,
1020, 510, 13513, 31, 10, 0,
1022, 511, 7730, 27, 8, 0,
1024, 512, 13463, 32, 11, 0,
1026, 513, 13451, 72, 9, 0,
1028, 514, 13361, 31, 19, 0,
1030, 515, 13407, 33, 7, 0,
1032, 516, 13384, 29, 7, 0,
1034, 517, 13359, 40, 8, 0,
1036, 518, 13343, 28, 8, 0,
1038, 519, 13327, 41, 15, 0,
1040, 520, 13368, 29, 8, 0,
1042, 521, 13518, 34, 10, 0,
1044, 522, 13438, 31, 10, 0,
1046, 523, 13392, 35, 9, 0,
1048, 524, 13420, 57, 9, 0,
1050, 525, 13874, 29, 20, 0,
1052, 526, 13597, 50, 10, 0,
1054, 527, 13268, 35, 11, 0,
1056, 528, 13153, 44, 7, 0,
1058, 529, 13252, 29, 9, 0,
1060, 530, 13344, 36, 10, 0,
1062, 531, 13618, 30, 27, 0,
1064, 532, 13855, 34, 16, 0,
1066, 533, 14166, 105, 21, 0,
1068, 534, 14501, 30, 26, 0,
1070, 535, 14426, 64, 25, 0,
1072, 536, 14354, 26, 18, 0,
1074, 537, 14177, 50, 34, 0,
1076, 538, 14036, 27, 19, 0,
1078, 539, 13677, 30, 19, 0,
1080, 540, 8341, 34, 6, 0,
1082, 541, 13678, 37, 18, 0,
1084, 542, 13413, 51, 24, 0,
1086, 543, 14254, 33, 16, 0,
1088, 544, 14134, 30, 19, 0,
1090, 545, 14375, 27, 22, 0,
1092, 546, 14218, 37, 18, 0,
1094, 547, 14260, 30, 15, 0,
1096, 548, 14269, 35, 25, 0,
1098, 549, 14307, 147, 15, 0,
1100, 550, 14300, 31, 10, 0,
1102, 551, 14272, 47, 8, 0,
1104, 552, 14257, 32, 8, 0,
1106, 553, 14236, 47, 7, 0,
1108, 554, 14142, 32, 15, 0,
1110, 555, 14190, 49, 7, 0,
1112, 556, 14164, 29, 7, 0,
1114, 557, 14136, 36, 5, 0,
1116, 558, 14124, 28, 8, 0,
1118, 559, 14101, 34, 5, 0,
1120, 560, 13999, 28, 14, 0,
1122, 561, 14050, 31, 5, 0,
1124, 562, 14035, 22, 4, 0,
1126, 563, 14008, 27, 5, 0,
1128, 564, 13979, 39, 10, 0,
1130, 565, 13957, 30, 7, 0,
1132, 566, 13858, 34, 13, 0,
1134, 567, 13909, 27, 10, 0,
1136, 568, 13880, 27, 5, 0,
1138, 569, 13859, 31, 4, 0,
1140, 570, 13836, 46, 7, 0,
1142, 571, 13738, 24, 16, 0,
1144, 572, 13790, 33, 5, 0,
1146, 573, 13764, 71, 7, 0,
1148, 574, 13744, 29, 5, 0,
1150, 575, 13720, 55, 6, 0,
1152, 576, 13693, 29, 3, 0,
1154, 577, 13622, 27, 17, 0,
1156, 578, 13643, 28, 4, 0,
1158, 579, 13624, 27, 4, 0,
1160, 580, 14609, 61, 19, 0,
1162, 581, 13574, 31, 7, 0,
1164, 582, 13554, 71, 5, 0,
1166, 583, 13469, 29, 12, 0,
1168, 584, 13505, 40, 6, 0,
1170, 585, 13483, 27, 8, 0,
1172, 586, 13455, 28, 6, 0,
1174, 587, 13439, 29, 7, 0,
1176, 588, 13410, 44, 6, 0,
1178, 589, 13323, 33, 14, 0,
1180, 590, 13368, 46, 5, 0,
1182, 591, 13343, 29, 5, 0,
1184, 592, 13321, 39, 5, 0,
1186, 593, 13299, 32, 8, 0,
1188, 594, 13230, 37, 14, 0,
1190, 595, 13256, 72, 5, 0,
1192, 596, 13237, 31, 3, 0,
1194, 597, 13215, 47, 5, 0,
1196, 598, 13192, 33, 5, 0,
1198, 599, 13176, 47, 7, 0,
1200, 600, 13105, 31, 8, 0,
1202, 601, 13139, 45, 3, 0,
1204, 602, 13116, 29, 5, 0,
1206, 603, 13098, 33, 5, 0,
1208, 604, 13077, 27, 4, 0,
1210, 605, 13054, 41, 2, 0,
1212, 606, 12984, 29, 7, 0,
1214, 607, 13016, 30, 3, 0,
1216, 608, 12991, 86, 4, 0,
1218, 609, 12980, 30, 5, 0,
1220, 610, 12945, 74, 5, 0,
1222, 611, 12926, 28, 2, 0,
1224, 612, 12845, 68, 9, 0,
1226, 613, 12884, 34, 2, 0,
1228, 614, 12867, 56, 1, 0,
1230, 615, 12840, 32, 2, 0,
1232, 616, 12820, 28, 2, 0,
1234, 617, 12804, 36, 1, 0,
1236, 618, 12714, 48, 9, 0,
1238, 619, 12763, 31, 2, 0,
1240, 620, 12736, 35, 2, 0,
1242, 621, 12718, 30, 1, 0,
1244, 622, 12700, 30, 1, 0,
1246, 623, 12626, 29, 8, 0,
1248, 624, 12668, 38, 1, 0,
1250, 625, 12633, 31, 2, 0,
1252, 626, 12619, 40, 1, 0,
1254, 627, 14611, 268, 35, 0,
1256, 628, 12575, 29, 1, 0,
1258, 629, 12511, 73, 7, 0,
1260, 630, 12532, 31, 2, 0,
1262, 631, 12516, 45, 1, 0,
1264, 632, 12486, 29, 1, 0,
1266, 633, 12475, 30, 2, 0,
1268, 634, 12459, 32, 1, 0,
1270, 635, 12383, 44, 8, 0,
1272, 636, 12418, 30, 1, 0,
1274, 637, 12402, 38, 1, 0,
1276, 638, 12378, 31, 2, 0,
1278, 639, 12373, 37, 0, 0,
1280, 640, 12375, 31, 2, 0,
1282, 641, 12269, 38, 9, 0,
1284, 642, 12315, 33, 2, 0,
1286, 643, 12300, 37, 1, 0,
1288, 644, 7667, 30, 2, 0,
1290, 645, 12260, 37, 2, 0,
1292, 646, 8590, 41, 11, 0,
1294, 647, 12264, 32, 3, 0,
1296, 648, 12862, 55, 2, 0,
1298, 649, 12407, 31, 3, 0,
1300, 650, 12499, 29, 1, 0,
1302, 651, 12438, 30, 1, 0,
1304, 652, 13438, 41, 12, 0,
1306, 653, 12291, 34, 1, 0,
1308, 654, 13007, 34, 3, 0,
1310, 655, 12735, 30, 3, 0,
1312, 656, 12455, 32, 1, 0,
1314, 657, 12192, 33, 3, 0,
1316, 658, 12463, 24, 7, 0,
1318, 659, 12305, 58, 1, 0,
1320, 660, 12441, 33, 3, 0,
1322, 661, 12613, 54, 1, 0,
1324, 662, 12767, 35, 3, 0,
1326, 663, 12939, 46, 2, 0,
1328, 664, 13035, 33, 8, 0,
1330, 665, 13228, 42, 4, 0,
1332, 666, 13203, 25, 1, 0,
1334, 667, 12920, 33, 2, 0,
1336, 668, 12918, 28, 4, 0,
1338, 669, 13152, 35, 3, 0,
1340, 670, 13170, 37, 9, 0,
1342, 671, 12331, 40, 1, 0,
1344, 672, 13183, 55, 2, 0,
1346, 673, 13171, 33, 2, 0,
1348, 674, 13157, 53, 3, 0,
1350, 675, 13135, 28, 3, 0,
1352, 676, 13051, 40, 7, 0,
1354, 677, 13090, 31, 2, 0,
1356, 678, 13077, 43, 1, 0,
1358, 679, 13061, 46, 1, 0,
1360, 680, 13045, 41, 1, 0,
1362, 681, 13029, 33, 2, 0,
1364, 682, 12946, 30, 9, 0,
1366, 683, 12997, 31, 0, 0,
1368, 684, 12957, 38, 2, 0,
1370, 685, 12969, 31, 1, 0,
1372, 686, 12946, 41, 1, 0,
1374, 687, 12878, 28, 8, 0,
1376, 688, 12907, 31, 1, 0,
1378, 689, 12887, 60, 2, 0,
1380, 690, 12874, 32, 1, 0,
1382, 691, 12855, 55, 1, 0,
1384, 692, 12837, 29, 2, 0,
1386, 693, 12759, 54, 6, 0,
1388, 694, 12793, 29, 2, 0,
1390, 695, 12781, 34, 1, 0,
1392, 696, 12755, 30, 2, 0,
1394, 697, 12735, 27, 2, 0,
1396, 698, 12724, 30, 0, 0,
1398, 699, 12650, 39, 7, 0,
1400, 700, 12686, 30, 1, 0,
1402, 701, 12667, 39, 0, 0,
1404, 702, 12649, 30, 1, 0,
1406, 703, 12633, 31, 1, 0,
1408, 704, 8402, 30, 1, 0,
1410, 705, 12529, 36, 8, 0,
1412, 706, 12579, 40, 0, 0,
1414, 707, 12560, 28, 1, 0,
1416, 708, 12546, 60, 1, 0,
1418, 709, 12520, 36, 2, 0,
1420, 710, 12457, 32, 6, 0,
1422, 711, 12488, 28, 1, 0,
1424, 712, 12469, 50, 2, 0,
1426, 713, 12450, 31, 0, 0,
1428, 714, 12438, 42, 1, 0,
1430, 715, 12420, 36, 1, 0,
1432, 716, 12334, 71, 9, 0,
1434, 717, 12389, 29, 1, 0,
1436, 718, 12366, 38, 1, 0,
1438, 719, 8234, 30, 1, 0,
1440, 720, 12344, 33, 1, 0,
1442, 721, 12325, 54, 2, 0,
1444, 722, 12265, 35, 6, 0,
1446, 723, 12297, 56, 1, 0,
1448, 724, 12283, 35, 1, 0,
1450, 725, 12269, 62, 1, 0,
1452, 726, 12242, 32, 2, 0,
1454, 727, 12235, 54, 1, 0,
1456, 728, 12128, 32, 9, 0,
1458, 729, 12206, 30, 2, 0,
1460, 730, 12189, 31, 0, 0,
1462, 731, 13503, 45, 2, 0,
1464, 732, 13497, 29, 0, 0,
1466, 733, 13473, 31, 1, 0,
1468, 734, 13377, 29, 8, 0,
1470, 735, 13442, 35, 1, 0,
1472, 736, 9400, 29, 1, 0,
1474, 737, 13406, 38, 1, 0,
1476, 738, 12061, 70, 1, 0,
1478, 739, 13310, 34, 7, 0,
1480, 740, 13349, 57, 0, 0,
1482, 741, 13329, 31, 2, 0,
1484, 742, 13310, 29, 1, 0,
1486, 743, 13303, 33, 1, 0,
1488, 744, 13274, 45, 1, 0,
1490, 745, 13206, 30, 5, 0,
1492, 746, 13232, 39, 1, 0,
1494, 747, 13223, 30, 1, 0,
1496, 748, 13205, 38, 1, 0,
1498, 749, 9242, 29, 1, 0,
1500, 750, 13174, 38, 0, 0,
1502, 751, 10504, 31, 6, 0,
1504, 752, 13138, 36, 1, 0,
1506, 753, 13118, 60, 0, 0,
1508, 754, 13098, 35, 0, 0,
1510, 755, 13080, 40, 1, 0,
1512, 756, 13064, 35, 2, 0,
1514, 757, 12991, 45, 5, 0,
1516, 758, 13030, 30, 2, 0,
1518, 759, 13011, 47, 1, 0,
1520, 760, 13001, 31, 1, 0,
1522, 761, 12969, 28, 2, 0,
1524, 762, 12917, 113, 5, 0,
1526, 763, 12948, 37, 1, 0,
1528, 764, 12936, 30, 1, 0,
1530, 765, 12922, 37, 0, 0,
1532, 766, 7736, 29, 0, 0,
1534, 767, 12893, 30, 0, 0,
1536, 768, 12822, 71, 5, 0,
1538, 769, 12860, 39, 1, 0,
1540, 770, 12912, 31, 2, 0,
1542, 771, 12886, 31, 2, 0,
1544, 772, 13035, 28, 1, 0,
1546, 773, 13040, 28, 0, 0,
1548, 774, 12880, 55, 6, 0,
1550, 775, 12799, 31, 1, 0,
1552, 776, 13185, 42, 1, 0,
1554, 777, 13040, 31, 0, 0,
1556, 778, 13454, 35, 0, 0,
1558, 779, 13775, 26, 1, 0,
1560, 780, 13509, 37, 5, 0,
1562, 781, 13316, 28, 0, 0,
1564, 782, 13085, 39, 1, 0,
1566, 783, 12873, 31, 1, 0,
1568, 784, 12660, 43, 1, 0,
1570, 785, 13494, 63, 1, 0,
1572, 786, 12886, 34, 6, 0,
1574, 787, 13072, 51, 1, 0,
1576, 788, 13160, 42, 2, 0,
1578, 789, 13299, 54, 1, 0,
1580, 790, 13433, 34, 1, 0,
1582, 791, 13492, 48, 7, 0,
1584, 792, 13686, 33, 0, 0,
1586, 793, 13471, 34, 2, 0,
1588, 794, 13538, 30, 0, 0,
1590, 795, 13612, 37, 2, 0,
1592, 796, 13619, 32, 0, 0,
1594, 797, 13541, 35, 6, 0,
1596, 798, 13575, 32, 1, 0,
1598, 799, 13566, 32, 1, 0,
1600, 800, 13545, 31, 0, 0,
1602, 801, 13532, 28, 1, 0,
1604, 802, 13517, 35, 0, 0,
1606, 803, 13444, 29, 5, 0,
1608, 804, 13488, 39, 1, 0,
1610, 805, 13465, 33, 1, 0,
1612, 806, 13460, 33, 0, 0,
1614, 807, 8537, 28, 0, 0,
1616, 808, 13429, 39, 2, 0,
1618, 809, 13352, 63, 5, 0,
1620, 810, 13404, 37, 2, 0,
1622, 811, 13387, 65, 0, 0,
1624, 812, 13379, 34, 0, 0,
1626, 813, 13349, 28, 0, 0,
1628, 814, 13288, 73, 4, 0,
1630, 815, 13317, 47, 2, 0,
1632, 816, 13311, 30, 0, 0,
1634, 817, 13289, 34, 1, 0,
1636, 818, 13275, 34, 1, 0,
1638, 819, 13257, 27, 0, 0,
1640, 820, 10805, 28, 4, 0,
1642, 821, 13220, 38, 1, 0,
1644, 822, 13214, 59, 0, 0,
1646, 823, 13196, 35, 0, 0,
1648, 824, 13179, 31, 1, 0,
1650, 825, 13155, 30, 1, 0,
1652, 826, 13097, 29, 4, 0,
1654, 827, 13133, 36, 1, 0,
1656, 828, 13118, 33, 0, 0,
1658, 829, 13098, 33, 0, 0,
1660, 830, 13082, 45, 0, 0,
1662, 831, 13061, 33, 1, 0,
1664, 832, 12995, 41, 5, 0,
1666, 833, 13039, 33, 0, 0,
1668, 834, 13017, 40, 0, 0,
1670, 835, 13001, 31, 1, 0,
1672, 836, 12990, 29, 0, 0,
1674, 837, 11806, 30, 0, 0,
1676, 838, 12900, 37, 6, 0,
1678, 839, 12945, 37, 0, 0,
1680, 840, 12931, 38, 0, 0,
1682, 841, 12913, 73, 0, 0,
1684, 842, 12901, 36, 0, 0,
1686, 843, 12833, 56, 5, 0,
1688, 844, 12867, 30, 0, 0,
1690, 845, 12856, 29, 0, 0,
1692, 846, 12849, 39, 0, 0,
1694, 847, 12834, 43, 0, 0,
1696, 848, 12822, 29, 0, 0,
1698, 849, 12753, 41, 5, 0,
1700, 850, 12790, 29, 2, 0,
1702, 851, 12780, 30, 0, 0,
1704, 852, 13912, 75, 0, 0,
1706, 853, 12755, 29, 0, 0,
1708, 854, 13889, 72, 0, 0,
1710, 855, 13810, 36, 5, 0,
1712, 856, 13847, 41, 1, 0,
1714, 857, 12691, 29, 0, 0,
1716, 858, 13819, 52, 1, 0,
1718, 859, 13806, 29, 0, 0,
1720, 860, 12638, 41, 1, 0,
1722, 861, 13703, 32, 6, 0,
1724, 862, 13750, 43, 1, 0,
1726, 863, 13740, 33, 0, 0,
1728, 864, 13724, 40, 1, 0,
1730, 865, 14926, 292, 7, 0,
1732, 866, 13631, 38, 5, 0,
1734, 867, 13676, 67, 1, 0,
1736, 868, 13662, 36, 0, 0,
1738, 869, 13641, 58, 0, 0,
1740, 870, 13635, 46, 0, 0,
1742, 871, 13612, 46, 0, 0,
1744, 872, 13498, 35, 9, 0,
1746, 873, 13587, 38, 0, 0,
1748, 874, 13564, 34, 0, 0,
1750, 875, 13549, 42, 1, 0,
1752, 876, 13536, 32, 1, 0,
1754, 877, 13517, 25, 0, 0,
1756, 878, 11235, 27, 4, 0,
1758, 879, 13489, 41, 0, 0,
1760, 880, 13480, 31, 0, 0,
1762, 881, 13460, 37, 0, 0,
1764, 882, 13439, 52, 1, 0,
1766, 883, 13431, 34, 0, 0,
1768, 884, 13353, 48, 5, 0,
1770, 885, 13394, 34, 1, 0,
1772, 886, 13381, 29, 0, 0,
1774, 887, 13371, 33, 0, 0,
1776, 888, 13351, 41, 1, 0,
1778, 889, 13348, 91, 0, 0,
1780, 890, 13267, 34, 5, 0,
1782, 891, 13323, 30, 0, 0,
1784, 892, 13327, 32, 2, 0,
1786, 893, 13287, 29, 1, 0,
1788, 894, 13290, 34, 1, 0,
1790, 895, 13366, 30, 0, 0,
1792, 896, 13342, 40, 5, 0,
1794, 897, 13246, 32, 0, 0,
1796, 898, 13358, 31, 0, 0,
1798, 899, 13458, 32, 1, 0,
1800, 900, 13581, 31, 0, 0,
1802, 901, 13632, 39, 5, 0,
1804, 902, 13775, 23, 1, 0,
1806, 903, 13883, 31, 0, 0,
1808, 904, 13424, 74, 1, 0,
1810, 905, 14131, 30, 0, 0,
1812, 906, 13950, 76, 1, 0,
1814, 907, 13701, 28, 4, 0,
1816, 908, 13568, 53, 0, 0,
1818, 909, 13356, 39, 0, 0,
1820, 910, 13170, 37, 1, 0,
1822, 911, 13467, 29, 1, 0,
1824, 912, 13793, 44, 0, 0,
1826, 913, 13634, 35, 4, 0,
1828, 914, 13962, 44, 0, 0,
1830, 915, 13872, 34, 0, 0,
1832, 916, 13776, 30, 1, 0,
1834, 917, 13791, 35, 1, 0,
1836, 918, 13906, 36, 0, 0,
1838, 919, 11728, 33, 5, 0,
1840, 920, 13931, 39, 0, 0,
1842, 921, 13914, 30, 0, 0,
1844, 922, 13900, 39, 0, 0,
1846, 923, 13884, 32, 0, 0,
1848, 924, 13872, 31, 1, 0,
1850, 925, 13795, 33, 5, 0,
1852, 926, 13839, 28, 1, 0,
1854, 927, 13828, 30, 0, 0,
1856, 928, 13813, 28, 1, 0,
1858, 929, 13789, 40, 2, 0,
1860, 930, 13737, 32, 4, 0,
1862, 931, 13770, 31, 0, 0,
1864, 932, 13762, 85, 0, 0,
1866, 933, 13749, 29, 0, 0,
1868, 934, 13736, 70, 1, 0,
1870, 935, 13724, 29, 0, 0,
1872, 936, 13626, 68, 6, 0,
1874, 937, 13698, 32, 1, 0,
1876, 938, 13681, 60, 0, 0,
1878, 939, 13668, 30, 0, 0,
1880, 940, 13657, 43, 0, 0,
1882, 941, 13642, 32, 0, 0,
1884, 942, 13569, 46, 4, 0,
1886, 943, 13598, 30, 1, 0,
1888, 944, 13598, 40, 1, 0,
1890, 945, 8348, 28, 0, 0,
1892, 946, 13561, 44, 1, 0,
1894, 947, 13553, 32, 0, 0,
1896, 948, 13446, 40, 6, 0,
1898, 949, 13526, 29, 0, 0,
1900, 950, 13511, 35, 0, 0,
1902, 951, 13498, 50, 0, 0,
1904, 952, 13486, 40, 0, 0,
1906, 953, 13415, 592, 5, 0,
1908, 954, 13459, 35, 0, 0,
1910, 955, 13448, 30, 0, 0,
1912, 956, 13424, 30, 0, 0,
1914, 957, 13411, 30, 0, 0,
1916, 958, 13402, 33, 0, 0,
1918, 959, 13325, 26, 5, 0,
1920, 960, 13385, 31, 0, 0,
1922, 961, 13346, 29, 1, 0,
1924, 962, 13338, 59, 1, 0,
1926, 963, 13328, 34, 0, 0,
1928, 964, 13317, 50, 1, 0,
1930, 965, 13254, 36, 4, 0,
1932, 966, 13292, 24, 0, 0,
1934, 967, 13281, 32, 0, 0,
1936, 968, 13257, 30, 1, 0,
1938, 969, 13255, 29, 0, 0,
1940, 970, 13242, 42, 1, 0,
1942, 971, 8096, 31, 4, 0,
1944, 972, 13217, 33, 0, 0,
1946, 973, 13200, 56, 0, 0,
1948, 974, 13194, 29, 0, 0,
1950, 975, 14178, 33, 0, 0,
1952, 976, 13169, 36, 1, 0,
1954, 977, 13092, 37, 6, 0,
1956, 978, 13141, 30, 0, 0,
1958, 979, 13140, 28, 0, 0,
1960, 980, 13120, 29, 0, 0,
1962, 981, 14103, 58, 0, 0,
1964, 982, 14094, 34, 0, 0,
1966, 983, 14006, 58, 5, 0,
1968, 984, 14065, 31, 0, 0,
1970, 985, 14048, 30, 0, 0,
1972, 986, 14030, 30, 1, 0,
1974, 987, 14023, 41, 0, 0,
1976, 988, 12972, 66, 4, 0,
1978, 989, 13998, 38, 0, 0,
1980, 990, 13980, 60, 0, 0,
1982, 991, 13974, 33, 0, 0,
1984, 992, 13950, 56, 0, 0,
1986, 993, 13937, 37, 0, 0,
1988, 994, 13870, 48, 4, 0,
1990, 995, 13910, 32, 2, 0,
1992, 996, 13900, 36, 1, 0,
1994, 997, 13885, 76, 0, 0,
1996, 998, 13869, 38, 0, 0,
1998, 999, 13862, 66, 1, 0,
2000, 1000, 13785, 37, 4, 0,
2002, 1001, 13830, 31, 0, 0,
2004, 1002, 13816, 34, 0, 0,
2006, 1003, 13795, 28, 0, 0,
2008, 1004, 13785, 31, 0, 0,
2010, 1005, 13769, 30, 0, 0,
2012, 1006, 9794, 32, 5, 0,
2014, 1007, 13745, 43, 0, 0,
2016, 1008, 13729, 67, 0, 0,
2018, 1009, 13719, 30, 0, 0,
2020, 1010, 13701, 34, 0, 0,
2022, 1011, 13691, 33, 0, 0,
2024, 1012, 13596, 53, 6, 0,
2026, 1013, 13662, 35, 0, 0,
2028, 1014, 13652, 43, 0, 0,
2030, 1015, 13628, 29, 1, 0,
2032, 1016, 13623, 40, 1, 0,
2034, 1017, 13526, 75, 6, 0,
2036, 1018, 13707, 30, 0, 0,
2038, 1019, 13590, 31, 0, 0,
2040, 1020, 13637, 37, 0, 0,
2042, 1021, 13801, 51, 0, 0,
2044, 1022, 13782, 33, 0, 0,
2046, 1023, 13555, 37, 5, 0,
2048, 1024, 9855, 33, 0, 0,
2050, 1025, 13694, 39, 0, 0,
2052, 1026, 13795, 67, 0, 0,
2054, 1027, 13882, 29, 0, 0,
2056, 1028, 13983, 29, 1, 0,
2058, 1029, 14010, 35, 4, 0,
2060, 1030, 14169, 28, 0, 0,
2062, 1031, 14077, 38, 0, 0,
2064, 1032, 14254, 47, 0, 0,
2066, 1033, 14084, 32, 0, 0,
2068, 1034, 13911, 30, 0, 0,
2070, 1035, 13732, 46, 0, 0,
2072, 1036, 14163, 62, 1, 0,
2074, 1037, 13442, 34, 0, 0,
2076, 1038, 14060, 27, 0, 0,
2078, 1039, 14040, 38, 0, 0,
2080, 1040, 14032, 58, 6, 0,
2082, 1041, 13842, 40, 0, 0,
2084, 1042, 14148, 29, 0, 0,
2086, 1043, 14088, 35, 0, 0,
2088, 1044, 14163, 28, 0, 0,
2090, 1045, 14157, 85, 0, 0,
2092, 1046, 14081, 43, 2, 0,
2094, 1047, 14126, 43, 0, 0,
2096, 1048, 14111, 36, 0, 0,
2098, 1049, 14095, 135, 1, 0,
2100, 1050, 14083, 34, 0, 0,
2102, 1051, 14072, 50, 0, 0,
2104, 1052, 13998, 32, 4, 0,
2106, 1053, 14047, 31, 0, 0,
2108, 1054, 14030, 84, 0, 0,
2110, 1055, 14021, 33, 0, 0,
2112, 1056, 14014, 70, 0, 0,
2114, 1057, 13997, 31, 0, 0,
2116, 1058, 13925, 57, 3, 0,
2118, 1059, 13977, 30, 0, 0,
2120, 1060, 13967, 56, 0, 0,
2122, 1061, 13961, 37, 0, 0,
2124, 1062, 13941, 48, 0, 0,
2126, 1063, 13887, 35, 3, 0,
2128, 1064, 13915, 43, 0, 0,
2130, 1065, 13914, 59, 0, 0,
2132, 1066, 13895, 41, 0, 0,
2134, 1067, 13877, 60, 0, 0,
2136, 1068, 13871, 37, 0, 0,
2138, 1069, 13855, 38, 0, 0,
2140, 1070, 13773, 29, 3, 0,
2142, 1071, 13829, 46, 0, 0,
2144, 1072, 13812, 41, 0, 0,
2146, 1073, 13811, 32, 0, 0,
2148, 1074, 13792, 29, 0, 0,
2150, 1075, 13719, 43, 3, 0,
2152, 1076, 13769, 69, 0, 0,
2154, 1077, 13756, 40, 0, 0,
2156, 1078, 13738, 31, 0, 0,
2158, 1079, 13722, 40, 0, 0,
2160, 1080, 13719, 29, 0, 0,
2162, 1081, 13629, 27, 5, 0,
2164, 1082, 13696, 47, 0, 0,
2166, 1083, 12766, 28, 0, 0,
2168, 1084, 13660, 29, 0, 0,
2170, 1085, 13667, 35, 0, 0,
2172, 1086, 13621, 40, 0, 0,
2174, 1087, 13560, 29, 5, 0,
2176, 1088, 13619, 36, 0, 0,
2178, 1089, 13601, 30, 0, 0,
2180, 1090, 13595, 33, 0, 0,
2182, 1091, 13577, 51, 0, 0,
2184, 1092, 13568, 28, 0, 0,
2186, 1093, 13489, 43, 4, 0,
2188, 1094, 13547, 73, 0, 0,
2190, 1095, 13534, 41, 0, 0,
2192, 1096, 13524, 51, 0, 0,
2194, 1097, 13513, 38, 0, 0,
2196, 1098, 13509, 54, 0, 0,
2198, 1099, 13419, 28, 5, 0,
2200, 1100, 13483, 28, 0, 0,
2202, 1101, 13469, 29, 0, 0,
2204, 1102, 13467, 45, 0, 0,
2206, 1103, 13452, 33, 0, 0,
2208, 1104, 13374, 40, 3, 0,
2210, 1105, 13437, 33, 0, 0,
2212, 1106, 13417, 27, 0, 0,
2214, 1107, 13412, 56, 0, 0,
2216, 1108, 13398, 37, 0, 0,
2218, 1109, 13379, 30, 0, 0,
2220, 1110, 13312, 33, 4, 0,
2222, 1111, 13362, 43, 0, 0,
2224, 1112, 13346, 35, 0, 0,
2226, 1113, 13342, 45, 0, 0,
2228, 1114, 13323, 32, 0, 0,
2230, 1115, 13321, 39, 0, 0,
2232, 1116, 13240, 57, 3, 0,
2234, 1117, 13289, 27, 0, 0,
2236, 1118, 13280, 38, 0, 0,
2238, 1119, 13263, 35, 0, 0,
2240, 1120, 13260, 32, 0, 0,
2242, 1121, 13242, 33, 0, 0,
2244, 1122, 13168, 41, 4, 0,
2246, 1123, 13221, 64, 0, 0,
2248, 1124, 13206, 29, 0, 0,
2250, 1125, 13198, 53, 0, 0,
2252, 1126, 13180, 48, 0, 0,
2254, 1127, 13175, 30, 0, 0,
2256, 1128, 13106, 332, 3, 0,
2258, 1129, 13147, 35, 0, 0,
2260, 1130, 13139, 29, 0, 0,
2262, 1131, 13121, 33, 0, 0,
2264, 1132, 13124, 83, 0, 0,
2266, 1133, 13099, 39, 0, 0,
2268, 1134, 13041, 54, 3, 0,
2270, 1135, 13039, 31, 0, 0,
2272, 1136, 13086, 28, 0, 0,
2274, 1137, 13051, 29, 0, 0,
2276, 1138, 13040, 28, 0, 0,
2278, 1139, 13049, 26, 0, 0,
2280, 1140, 12970, 28, 3, 0,
2282, 1141, 13023, 34, 0, 0,
2284, 1142, 13054, 27, 0, 0,
2286, 1143, 13069, 55, 0, 0,
2288, 1144, 13017, 32, 0, 0,
2290, 1145, 13112, 33, 0, 0,
2292, 1146, 13004, 32, 5, 0,
2294, 1147, 13423, 29, 0, 0,
2296, 1148, 13344, 30, 0, 0,
2298, 1149, 13487, 47, 0, 0,
2300, 1150, 13341, 34, 0, 0,
2302, 1151, 13203, 46, 0, 0,
2304, 1152, 8688, 31, 6, 0,
2306, 1153, 12920, 43, 0, 0,
2308, 1154, 13001, 36, 0, 0,
2310, 1155, 13087, 37, 0, 0,
2312, 1156, 13169, 72, 0, 0,
2314, 1157, 13193, 39, 4, 0,
2316, 1158, 13340, 37, 0, 0,
2318, 1159, 13428, 34, 0, 0,
2320, 1160, 13513, 42, 0, 0,
2322, 1161, 13596, 69, 0, 0,
2324, 1162, 13482, 34, 0, 0,
2326, 1163, 13269, 51, 3, 0,
2328, 1164, 13351, 31, 0, 0,
2330, 1165, 13442, 31, 0, 0,
2332, 1166, 13438, 30, 0, 0,
2334, 1167, 13527, 30, 0, 0,
2336, 1168, 13518, 34, 0, 0,
2338, 1169, 13450, 45, 3, 0,
2340, 1170, 13492, 58, 0, 0,
2342, 1171, 13488, 38, 0, 0,
2344, 1172, 13469, 31, 0, 0,
2346, 1173, 13459, 29, 0, 0,
2348, 1174, 13456, 30, 0, 0,
2350, 1175, 13365, 33, 5, 0,
2352, 1176, 13432, 42, 0, 0,
2354, 1177, 13415, 64, 0, 0,
2356, 1178, 13406, 31, 0, 0,
2358, 1179, 13395, 55, 0, 0,
2360, 1180, 13324, 37, 3, 0,
2362, 1181, 13383, 50, 0, 0,
2364, 1182, 13372, 30, 0, 0,
2366, 1183, 13355, 29, 0, 0,
2368, 1184, 13351, 28, 0, 0,
2370, 1185, 13344, 37, 0, 0,
2372, 1186, 13276, 33, 3, 0,
2374, 1187, 13322, 41, 0, 0,
2376, 1188, 13316, 52, 0, 0,
2378, 1189, 13298, 38, 0, 0,
2380, 1190, 13271, 49, 0, 0,
2382, 1191, 13271, 29, 0, 0,
2384, 1192, 13214, 30, 4, 0,
2386, 1193, 13256, 29, 0, 0,
2388, 1194, 13243, 31, 0, 0,
2390, 1195, 9916, 32, 0, 0,
2392, 1196, 13221, 42, 0, 0,
2394, 1197, 13213, 86, 0, 0,
2396, 1198, 13144, 31, 3, 0,
2398, 1199, 13192, 51, 0, 0,
2400, 1200, 13181, 29, 0, 0,
2402, 1201, 13167, 49, 0, 0,
2404, 1202, 13161, 32, 0, 0,
2406, 1203, 13147, 30, 0, 0,
2408, 1204, 13069, 35, 4, 0,
2410, 1205, 13125, 41, 0, 0,
2412, 1206, 13114, 36, 0, 0,
2414, 1207, 13099, 44, 0, 0,
2416, 1208, 13099, 63, 0, 0,
2418, 1209, 13029, 46, 3, 0,
2420, 1210, 13069, 54, 0, 0,
2422, 1211, 13069, 29, 0, 0,
2424, 1212, 13050, 32, 0, 0,
2426, 1213, 13042, 33, 0, 0,
2428, 1214, 13033, 29, 0, 0,
2430, 1215, 12968, 46, 2, 0,
2432, 1216, 13011, 30, 0, 0,
2434, 1217, 13000, 31, 0, 0,
2436, 1218, 12984, 31, 0, 0,
2438, 1219, 12974, 55, 0, 0,
2440, 1220, 12975, 35, 0, 0,
2442, 1221, 13693, 55, 4, 0,
2444, 1222, 13745, 29, 0, 0,
2446, 1223, 12940, 42, 0, 0,
2448, 1224, 12942, 33, 0, 0,
2450, 1225, 12925, 31, 0, 0,
2452, 1226, 12925, 33, 0, 0,
2454, 1227, 13629, 38, 4, 0,
2456, 1228, 13703, 61, 0, 0,
2458, 1229, 13691, 31, 0, 0,
2460, 1230, 13675, 29, 0, 0,
2462, 1231, 13666, 40, 0, 0,
2464, 1232, 13571, 88, 5, 0,
2466, 1233, 13645, 38, 0, 0,
2468, 1234, 13634, 31, 0, 0,
2470, 1235, 13630, 78, 0, 0,
2472, 1236, 13615, 30, 0, 0,
2474, 1237, 13603, 57, 0, 0,
2476, 1238, 13537, 37, 3, 0,
2478, 1239, 13573, 51, 0, 0,
2480, 1240, 13566, 31, 0, 0,
2482, 1241, 13562, 40, 0, 0,
2484, 1242, 12753, 24, 0, 0,
2486, 1243, 13537, 32, 0, 0,
2488, 1244, 13467, 68, 3, 0,
2490, 1245, 13516, 30, 0, 0,
2492, 1246, 13505, 77, 0, 0,
2494, 1247, 13490, 29, 0, 0,
2496, 1248, 13466, 27, 0, 0,
2498, 1249, 13431, 28, 0, 0,
2500, 1250, 13404, 28, 3, 0,
2502, 1251, 13448, 29, 0, 0,
2504, 1252, 13439, 45, 1, 0,
2506, 1253, 13424, 81, 0, 0,
2508, 1254, 13413, 43, 0, 0,
2510, 1255, 13411, 29, 0, 0,
2512, 1256, 13333, 30, 3, 0,
2514, 1257, 13381, 33, 0, 0,
2516, 1258, 13381, 30, 0, 0,
2518, 1259, 13365, 50, 0, 0,
2520, 1260, 13362, 36, 0, 0,
2522, 1261, 13341, 46, 0, 0,
2524, 1262, 13335, 53, 0, 0,
2526, 1263, 13328, 42, 0, 0,
2528, 1264, 13314, 47, 0, 0,
2530, 1265, 13298, 35, 0, 0,
2532, 1266, 13299, 61, 0, 0,
2534, 1267, 13325, 31, 2, 0,
2536, 1268, 13444, 25, 0, 0,
2538, 1269, 13402, 57, 0, 0,
2540, 1270, 13586, 34, 0, 0,
2542, 1271, 13408, 50, 0, 0,
2544, 1272, 13487, 34, 0, 0,
2546, 1273, 13332, 30, 2, 0,
2548, 1274, 13898, 33, 0, 0,
2550, 1275, 13781, 44, 0, 0,
2552, 1276, 13644, 33, 0, 0,
2554, 1277, 13508, 40, 0, 0,
2556, 1278, 13394, 37, 0, 0,
2558, 1279, 13207, 47, 2, 0,
2560, 1280, 13379, 51, 0, 0,
2562, 1281, 13459, 43, 0, 0,
2564, 1282, 13446, 37, 0, 0,
2566, 1283, 13462, 41, 0, 0,
2568, 1284, 13538, 51, 0, 0,
2570, 1285, 13545, 38, 4, 0,
2572, 1286, 13689, 46, 0, 0,
2574, 1287, 13765, 52, 0, 0,
2576, 1288, 13755, 35, 0, 0,
2578, 1289, 13626, 75, 0, 0,
2580, 1290, 13712, 37, 0, 0,
2582, 1291, 13632, 59, 5, 0,
2584, 1292, 13755, 31, 0, 0,
2586, 1293, 13741, 33, 0, 0,
2588, 1294, 13733, 34, 0, 0,
2590, 1295, 13723, 29, 0, 0,
2592, 1296, 12157, 29, 3, 0,
2594, 1297, 13701, 41, 0, 0,
2596, 1298, 13691, 33, 0, 0,
2598, 1299, 13680, 30, 0, 0,
2600, 1300, 13667, 30, 0, 0,
2602, 1301, 13656, 37, 0, 0,
2604, 1302, 13554, 31, 5, 0,
2606, 1303, 13637, 44, 0, 0,
2608, 1304, 13631, 30, 0, 0,
2610, 1305, 13629, 63, 0, 0,
2612, 1306, 13611, 32, 0, 0,
2614, 1307, 13606, 53, 0, 0,
2616, 1308, 13528, 41, 3, 0,
2618, 1309, 13586, 53, 0, 0,
2620, 1310, 13585, 34, 0, 0,
2622, 1311, 13567, 50, 0, 0,
2624, 1312, 13566, 29, 0, 0,
2626, 1313, 13552, 52, 0, 0,
2628, 1314, 13513, 66, 2, 0,
2630, 1315, 13495, 24, 0, 0,
2632, 1316, 13500, 51, 0, 0,
2634, 1317, 13521, 39, 0, 0,
2636, 1318, 13496, 50, 0, 0,
2638, 1319, 13435, 35, 2, 0,
2640, 1320, 13488, 43, 0, 0,
2642, 1321, 13473, 63, 0, 0,
2644, 1322, 13455, 47, 0, 0,
2646, 1323, 13444, 27, 0, 0,
2648, 1324, 13445, 38, 0, 0,
2650, 1325, 13380, 46, 2, 0,
2652, 1326, 13420, 34, 0, 0,
2654, 1327, 13415, 40, 0, 0,
2656, 1328, 13397, 35, 0, 0,
2658, 1329, 13390, 44, 0, 0,
2660, 1330, 13388, 34, 0, 0,
2662, 1331, 13308, 41, 3, 0,
2664, 1332, 13366, 32, 0, 0,
2666, 1333, 13351, 40, 0, 0,
2668, 1334, 13347, 51, 0, 0,
2670, 1335, 13331, 36, 0, 0,
2672, 1336, 13314, 64, 0, 0,
2674, 1337, 13243, 40, 3, 0,
2676, 1338, 13298, 43, 0, 0,
2678, 1339, 13301, 31, 0, 0,
2680, 1340, 13279, 33, 0, 0,
2682, 1341, 11821, 31, 0, 0,
2684, 1342, 13269, 41, 0, 0,
2686, 1343, 13192, 53, 3, 0,
2688, 1344, 13244, 31, 0, 0,
2690, 1345, 13236, 30, 0, 0,
2692, 1346, 13228, 34, 0, 0,
2694, 1347, 13940, 32, 0, 0,
2696, 1348, 13161, 35, 2, 0,
2698, 1349, 13923, 50, 0, 0,
2700, 1350, 10268, 30, 0, 0,
2702, 1351, 13198, 31, 0, 0,
2704, 1352, 13913, 40, 0, 0,
2706, 1353, 13896, 44, 0, 0,
2708, 1354, 13838, 58, 2, 0,
2710, 1355, 13871, 29, 0, 0,
2712, 1356, 13865, 54, 0, 0,
2714, 1357, 13859, 38, 0, 0,
2716, 1358, 13843, 50, 0, 0,
2718, 1359, 13840, 28, 0, 0,
2720, 1360, 13750, 45, 3, 0,
2722, 1361, 13820, 80, 0, 0,
2724, 1362, 13806, 42, 0, 0,
2726, 1363, 13798, 33, 0, 0,
2728, 1364, 13793, 39, 0, 0,
2730, 1365, 13719, 41, 3, 0,
2732, 1366, 13772, 40, 0, 0,
2734, 1367, 13752, 33, 0, 0,
2736, 1368, 13033, 28, 0, 0,
2738, 1369, 13745, 32, 0, 0,
2740, 1370, 13722, 31, 0, 0,
2742, 1371, 13623, 32, 5, 0,
2744, 1372, 13706, 35, 0, 0,
2746, 1373, 13695, 42, 0, 0,
2748, 1374, 13689, 47, 0, 0,
2750, 1375, 13670, 29, 0, 0,
2752, 1376, 13669, 44, 0, 0,
2754, 1377, 13583, 36, 3, 0,
2756, 1378, 13648, 34, 0, 0,
2758, 1379, 13642, 62, 0, 0,
2760, 1380, 13632, 39, 0, 0,
2762, 1381, 13624, 58, 0, 0,
2764, 1382, 13554, 55, 2, 0,
2766, 1383, 13601, 49, 0, 0,
2768, 1384, 13597, 33, 0, 0,
2770, 1385, 13576, 44, 0, 0,
2772, 1386, 13566, 32, 0, 0,
2774, 1387, 13568, 39, 0, 0,
2776, 1388, 13446, 27, 2, 0,
2778, 1389, 13545, 39, 0, 0,
2780, 1390, 13549, 30, 0, 0,
2782, 1391, 13579, 40, 0, 0,
2784, 1392, 13535, 33, 0, 0,
2786, 1393, 13561, 28, 0, 0,
2788, 1394, 13565, 46, 2, 0,
2790, 1395, 13685, 60, 0, 0,
2792, 1396, 13763, 37, 0, 0,
2794, 1397, 13653, 60, 0, 0,
2796, 1398, 13787, 40, 0, 0,
2798, 1399, 13762, 30, 0, 0,
2800, 1400, 13828, 31, 2, 0,
2802, 1401, 14011, 46, 0, 0,
2804, 1402, 13896, 32, 0, 0,
2806, 1403, 13788, 31, 0, 0,
2808, 1404, 10308, 28, 0, 0,
2810, 1405, 13538, 45, 0, 0,
2812, 1406, 13368, 39, 3, 0,
2814, 1407, 13855, 34, 0, 0,
2816, 1408, 13799, 63, 0, 0,
2818, 1409, 13769, 38, 0, 0,
2820, 1410, 13709, 68, 0, 0,
2822, 1411, 13799, 37, 0, 0,
2824, 1412, 13761, 54, 3, 0,
2826, 1413, 13908, 40, 0, 0,
2828, 1414, 13960, 24, 0, 0,
2830, 1415, 13938, 67, 0, 0,
2832, 1416, 13944, 45, 0, 0,
2834, 1417, 13933, 34, 0, 0,
2836, 1418, 13851, 32, 3, 0,
2838, 1419, 13913, 54, 0, 0,
2840, 1420, 13906, 38, 0, 0,
2842, 1421, 13895, 35, 0, 0,
2844, 1422, 13881, 30, 0, 0,
2846, 1423, 13818, 46, 2, 0,
2848, 1424, 13863, 36, 0, 0,
2850, 1425, 13859, 33, 0, 0,
2852, 1426, 13849, 59, 0, 0,
2854, 1427, 13837, 38, 0, 0,
2856, 1428, 13835, 40, 0, 0,
2858, 1429, 13755, 39, 2, 0,
2860, 1430, 13807, 64, 0, 0,
2862, 1431, 10355, 28, 0, 0,
2864, 1432, 13787, 32, 0, 0,
2866, 1433, 13788, 67, 0, 0,
2868, 1434, 13774, 55, 0, 0,
2870, 1435, 13710, 45, 3, 0,
2872, 1436, 13760, 43, 0, 0,
2874, 1437, 13750, 42, 0, 0,
2876, 1438, 13746, 37, 0, 0,
2878, 1439, 13732, 32, 0, 0,
2880, 1440, 13729, 36, 0, 0,
2882, 1441, 13616, 34, 4, 0,
2884, 1442, 13718, 64, 0, 0,
2886, 1443, 13698, 41, 0, 0,
2888, 1444, 13694, 34, 0, 0,
2890, 1445, 13685, 33, 0, 0,
2892, 1446, 13637, 454, 1, 0,
2894, 1447, 13668, 31, 0, 0,
2896, 1448, 13659, 42, 0, 0,
2898, 1449, 13652, 56, 0, 0,
2900, 1450, 13638, 41, 0, 0,
2902, 1451, 13630, 74, 0, 0,
2904, 1452, 13623, 31, 0, 0,
2906, 1453, 13538, 28, 3, 0,
2908, 1454, 13599, 33, 0, 0,
2910, 1455, 13592, 50, 0, 0,
2912, 1456, 13587, 30, 0, 0,
2914, 1457, 13569, 42, 0, 0,
2916, 1458, 13565, 60, 0, 0,
2918, 1459, 13479, 30, 3, 0,
2920, 1460, 13549, 52, 0, 0,
2922, 1461, 13531, 31, 0, 0,
2924, 1462, 13536, 49, 0, 0,
2926, 1463, 13523, 28, 0, 0,
2928, 1464, 13507, 30, 0, 0,
2930, 1465, 13447, 35, 2, 0,
2932, 1466, 13495, 43, 0, 0,
2934, 1467, 13481, 29, 0, 0,
2936, 1468, 13461, 32, 0, 0,
2938, 1469, 13506, 55, 0, 0,
2940, 1470, 13412, 29, 2, 0,
2942, 1471, 14094, 57, 0, 0,
2944, 1472, 13444, 36, 0, 0,
2946, 1473, 13431, 45, 0, 0,
2948, 1474, 13428, 36, 0, 0,
2950, 1475, 14076, 46, 0, 0,
2952, 1476, 10684, 29, 2, 0,
2954, 1477, 14064, 47, 0, 0,
2956, 1478, 13404, 46, 0, 0,
2958, 1479, 13393, 28, 0, 0,
2960, 1480, 14044, 41, 0, 0,
2962, 1481, 14030, 40, 0, 0,
2964, 1482, 13967, 30, 2, 0,
2966, 1483, 14012, 30, 0, 0,
2968, 1484, 14008, 33, 0, 0,
2970, 1485, 13997, 40, 0, 0,
2972, 1486, 13983, 34, 0, 0,
2974, 1487, 13983, 67, 0, 0,
2976, 1488, 13899, 30, 3, 0,
2978, 1489, 13966, 29, 0, 0,
2980, 1490, 13953, 40, 0, 0,
2982, 1491, 13939, 49, 0, 0,
2984, 1492, 13930, 33, 0, 0,
2986, 1493, 13862, 38, 2, 0,
2988, 1494, 13267, 32, 0, 0,
2990, 1495, 13904, 44, 0, 0,
2992, 1496, 13895, 34, 0, 0,
2994, 1497, 13892, 42, 0, 0,
2996, 1498, 13879, 53, 0, 0,
2998, 1499, 13809, 26, 2, 0,
3000, 1500, 13862, 33, 0, 0,
3002, 1501, 13847, 38, 0, 0,
3004, 1502, 13838, 30, 0, 0,
3006, 1503, 13825, 36, 0, 0,
3008, 1504, 13819, 29, 0, 0,
3010, 1505, 13749, 33, 3, 0,
3012, 1506, 13807, 41, 0, 0,
3014, 1507, 13798, 48, 0, 0,
3016, 1508, 13787, 31, 0, 0,
3018, 1509, 13744, 34, 1, 0,
3020, 1510, 13764, 37, 0, 0,
3022, 1511, 13752, 40, 0, 0,
3024, 1512, 13742, 53, 0, 0,
3026, 1513, 13733, 39, 0, 0,
3028, 1514, 13783, 58, 0, 0,
3030, 1515, 13678, 39, 4, 0,
3032, 1516, 13860, 47, 0, 0,
3034, 1517, 11139, 33, 0, 0,
3036, 1518, 13782, 37, 0, 0,
3038, 1519, 13697, 31, 0, 0,
3040, 1520, 13760, 35, 0, 0,
3042, 1521, 13760, 33, 3, 0,
3044, 1522, 13903, 28, 0, 0,
3046, 1523, 13959, 54, 0, 0,
3048, 1524, 14023, 28, 0, 0,
3050, 1525, 14076, 29, 0, 0,
3052, 1526, 14103, 34, 0, 0,
3054, 1527, 14130, 45, 3, 0,
3056, 1528, 14096, 64, 0, 0,
3058, 1529, 13999, 43, 0, 0,
3060, 1530, 13902, 48, 0, 0,
3062, 1531, 13791, 33, 0, 0,
3064, 1532, 13799, 719, 2, 0,
3066, 1533, 13832, 42, 0, 0,
3068, 1534, 14087, 56, 0, 0,
3070, 1535, 14022, 39, 0, 0,
3072, 1536, 14108, 42, 0, 0,
3074, 1537, 14077, 62, 0, 0,
3076, 1538, 14011, 34, 2, 0,
3078, 1539, 14100, 30, 0, 0,
3080, 1540, 14096, 36, 0, 0,
3082, 1541, 14093, 47, 0, 0,
3084, 1542, 12200, 29, 0, 0,
3086, 1543, 14073, 46, 0, 0,
3088, 1544, 14018, 36, 2, 0,
3090, 1545, 14051, 42, 0, 0,
3092, 1546, 14049, 57, 0, 0,
3094, 1547, 14034, 38, 0, 0,
3096, 1548, 14031, 46, 0, 0,
3098, 1549, 14028, 29, 0, 0,
3100, 1550, 13957, 57, 2, 0,
3102, 1551, 14003, 31, 0, 0,
3104, 1552, 13990, 46, 0, 0,
3106, 1553, 13979, 31, 0, 0,
3108, 1554, 13984, 26, 0, 0,
3110, 1555, 13978, 60, 0, 0,
3112, 1556, 13913, 41, 2, 0,
3114, 1557, 13944, 51, 0, 0,
3116, 1558, 13964, 36, 0, 0,
3118, 1559, 13913, 49, 1, 0,
3120, 1560, 13910, 47, 0, 0,
3122, 1561, 13869, 27, 0, 0,
3124, 1562, 13868, 65, 0, 0,
3126, 1563, 13902, 31, 0, 0,
3128, 1564, 13900, 57, 0, 0,
3130, 1565, 13807, 43, 3, 0,
3132, 1566, 13895, 42, 0, 0,
3134, 1567, 10082, 29, 0, 0,
3136, 1568, 13847, 44, 1, 0,
3138, 1569, 13859, 67, 0, 0,
3140, 1570, 13853, 44, 0, 0,
3142, 1571, 13852, 31, 0, 0,
3144, 1572, 13833, 27, 0, 0,
3146, 1573, 13825, 52, 0, 0,
3148, 1574, 13724, 39, 3, 0,
3150, 1575, 13806, 50, 0, 0,
3152, 1576, 12578, 27, 0, 0,
3154, 1577, 13794, 46, 0, 0,
3156, 1578, 13790, 62, 0, 0,
3158, 1579, 13710, 43, 2, 0,
3160, 1580, 13762, 60, 0, 0,
3162, 1581, 13764, 44, 0, 0,
3164, 1582, 13754, 53, 0, 0,
3166, 1583, 13744, 28, 0, 0,
3168, 1584, 13730, 44, 0, 0,
3170, 1585, 11802, 30, 3, 0,
3172, 1586, 13722, 33, 0, 0,
3174, 1587, 13708, 50, 0, 0,
3176, 1588, 13702, 42, 0, 0,
3178, 1589, 13685, 77, 0, 0,
3180, 1590, 13689, 34, 0, 0,
3182, 1591, 13635, 33, 2, 0,
3184, 1592, 9937, 34, 0, 0,
3186, 1593, 13661, 41, 0, 0,
3188, 1594, 13649, 32, 0, 0,
3190, 1595, 13662, 34, 0, 0,
3192, 1596, 13641, 32, 0, 0,
3194, 1597, 13556, 32, 3, 0,
3196, 1598, 13628, 46, 0, 0,
3198, 1599, 13618, 35, 0, 0,
3200, 1600, 13619, 43, 0, 0,
3202, 1601, 10512, 29, 0, 0,
3204, 1602, 13541, 41, 2, 0,
3206, 1603, 13593, 28, 0, 0,
3208, 1604, 13593, 39, 0, 0,
3210, 1605, 13581, 74, 0, 0,
3212, 1606, 13572, 30, 0, 0,
3214, 1607, 13557, 60, 0, 0,
3216, 1608, 13499, 36, 2, 0,
3218, 1609, 13544, 42, 0, 0,
3220, 1610, 13538, 34, 0, 0,
3222, 1611, 13535, 38, 0, 0,
3224, 1612, 13513, 34, 0, 0,
3226, 1613, 13520, 37, 0, 0,
3228, 1614, 13448, 32, 2, 0,
3230, 1615, 13500, 37, 0, 0,
3232, 1616, 13489, 42, 0, 0,
3234, 1617, 13486, 47, 0, 0,
3236, 1618, 13474, 31, 0, 0,
3238, 1619, 11632, 29, 0, 0,
3240, 1620, 13382, 31, 3, 0,
3242, 1621, 13455, 32, 0, 0,
3244, 1622, 13445, 38, 0, 0,
3246, 1623, 13430, 83, 0, 0,
3248, 1624, 13420, 36, 0, 0,
3250, 1625, 13369, 67, 2, 0,
3252, 1626, 13406, 42, 0, 0,
3254, 1627, 13400, 53, 0, 0,
3256, 1628, 13390, 30, 0, 0,
3258, 1629, 13373, 32, 0, 0,
3260, 1630, 13376, 46, 0, 0,
3262, 1631, 13321, 36, 2, 0,
3264, 1632, 13360, 29, 0, 0,
3266, 1633, 13345, 31, 0, 0,
3268, 1634, 13343, 37, 0, 0,
3270, 1635, 13342, 36, 0, 0,
3272, 1636, 13319, 40, 0, 0,
3274, 1637, 13257, 34, 2, 0,
3276, 1638, 13328, 48, 0, 0,
3278, 1639, 13461, 32, 0, 0,
3280, 1640, 13365, 34, 0, 0,
3282, 1641, 13371, 31, 0, 0,
3284, 1642, 13371, 31, 0, 0,
3286, 1643, 13658, 42, 3, 0,
3288, 1644, 12858, 32, 0, 0,
3290, 1645, 13575, 32, 0, 0,
3292, 1646, 13493, 46, 0, 0,
3294, 1647, 13400, 36, 0, 0,
3296, 1648, 13245, 63, 2, 0,
3298, 1649, 13287, 35, 0, 0,
3300, 1650, 13325, 40, 0, 0,
3302, 1651, 13389, 36, 0, 0,
3304, 1652, 13446, 31, 0, 0,
3306, 1653, 10403, 33, 0, 0,
3308, 1654, 13481, 37, 4, 0,
3310, 1655, 13634, 39, 0, 0,
3312, 1656, 13679, 41, 0, 0,
3314, 1657, 13696, 45, 0, 0,
3316, 1658, 13584, 27, 0, 0,
3318, 1659, 13477, 36, 0, 0,
3320, 1660, 13545, 29, 2, 0,
3322, 1661, 13662, 43, 0, 0,
3324, 1662, 13493, 79, 0, 0,
3326, 1663, 13626, 43, 0, 0,
3328, 1664, 13706, 81, 0, 0,
3330, 1665, 13600, 28, 0, 0,
3332, 1666, 13614, 51, 3, 0,
3334, 1667, 13675, 40, 0, 0,
3336, 1668, 13617, 40, 0, 0,
3338, 1669, 13612, 29, 0, 0,
3340, 1670, 13602, 27, 0, 0,
3342, 1671, 13548, 58, 2, 0,
3344, 1672, 13601, 41, 0, 0,
3346, 1673, 13575, 56, 0, 0,
3348, 1674, 13583, 39, 0, 0,
3350, 1675, 13577, 48, 0, 0,
3352, 1676, 13566, 30, 0, 0,
3354, 1677, 13493, 34, 2, 0,
3356, 1678, 13550, 29, 0, 0,
3358, 1679, 13543, 27, 0, 0,
3360, 1680, 13529, 29, 0, 0,
3362, 1681, 13519, 30, 0, 0,
3364, 1682, 13522, 45, 0, 0,
3366, 1683, 13455, 34, 2, 0,
3368, 1684, 13502, 48, 0, 0,
3370, 1685, 13506, 35, 0, 0,
3372, 1686, 13492, 38, 0, 0,
3374, 1687, 13493, 35, 0, 0,
3376, 1688, 13484, 29, 0, 0,
3378, 1689, 13413, 31, 2, 0,
3380, 1690, 13467, 35, 0, 0,
3382, 1691, 13462, 39, 0, 0,
3384, 1692, 13454, 30, 0, 0,
3386, 1693, 13445, 32, 0, 0,
3388, 1694, 13427, 29, 0, 0,
3390, 1695, 13376, 40, 2, 0,
3392, 1696, 13424, 31, 0, 0,
3394, 1697, 13408, 48, 0, 0,
3396, 1698, 13411, 28, 0, 0,
3398, 1699, 13402, 38, 0, 0,
3400, 1700, 13329, 55, 2, 0,
3402, 1701, 13387, 30, 0, 0,
3404, 1702, 13376, 40, 0, 0,
3406, 1703, 13378, 32, 0, 0,
3408, 1704, 13370, 37, 0, 0,
3410, 1705, 13354, 35, 0, 0,
3412, 1706, 13293, 35, 2, 0,
3414, 1707, 13329, 31, 0, 0,
3416, 1708, 13329, 29, 0, 0,
3418, 1709, 13320, 32, 0, 0,
3420, 1710, 13306, 31, 0, 0,
3422, 1711, 13316, 36, 0, 0,
3424, 1712, 12092, 30, 2, 0,
3426, 1713, 13285, 37, 0, 0,
3428, 1714, 13292, 29, 0, 0,
3430, 1715, 13275, 33, 0, 0,
3432, 1716, 13269, 39, 0, 0,
3434, 1717, 13268, 30, 0, 0,
3436, 1718, 13254, 33, 0, 0,
3438, 1719, 13252, 33, 0, 0,
3440, 1720, 13250, 30, 0, 0,
3442, 1721, 13244, 37, 0, 0,
3444, 1722, 13233, 33, 0, 0,
3446, 1723, 13158, 55, 3, 0,
3448, 1724, 13788, 53, 0, 0,
3450, 1725, 13765, 32, 0, 0,
3452, 1726, 13211, 29, 0, 0,
3454, 1727, 13764, 38, 0, 0,
3456, 1728, 13754, 45, 0, 0,
3458, 1729, 13706, 35, 2, 0,
3460, 1730, 13740, 32, 0, 0,
3462, 1731, 13735, 34, 0, 0,
3464, 1732, 13726, 33, 0, 0,
3466, 1733, 13725, 46, 0, 0,
3468, 1734, 13717, 33, 0, 0,
3470, 1735, 13636, 38, 2, 0,
3472, 1736, 12571, 32, 0, 0,
3474, 1737, 13689, 39, 0, 0,
3476, 1738, 13693, 32, 0, 0,
3478, 1739, 13679, 38, 0, 0,
3480, 1740, 13661, 33, 0, 0,
3482, 1741, 13602, 35, 2, 0,
3484, 1742, 13646, 36, 0, 0,
3486, 1743, 13623, 31, 0, 0,
3488, 1744, 13639, 42, 0, 0,
3490, 1745, 13629, 30, 0, 0,
3492, 1746, 13563, 33, 2, 0,
3494, 1747, 13615, 45, 0, 0,
3496, 1748, 13606, 55, 0, 0,
3498, 1749, 13594, 65, 0, 0,
3500, 1750, 13596, 31, 0, 0,
3502, 1751, 13581, 52, 0, 0,
3504, 1752, 12398, 28, 2, 0,
3506, 1753, 13576, 37, 0, 0,
3508, 1754, 13554, 44, 0, 0,
3510, 1755, 13547, 35, 0, 0,
3512, 1756, 13545, 73, 0, 0,
3514, 1757, 13531, 43, 0, 0,
3516, 1758, 13469, 33, 2, 0,
3518, 1759, 13527, 36, 0, 0,
3520, 1760, 13509, 38, 0, 0,
3522, 1761, 13515, 37, 0, 0,
3524, 1762, 13523, 50, 0, 0,
3526, 1763, 13526, 44, 0, 0,
3528, 1764, 13528, 34, 2, 0,
3530, 1765, 13533, 29, 0, 0,
3532, 1766, 13500, 36, 0, 0,
3534, 1767, 13611, 37, 0, 0,
3536, 1768, 10842, 28, 0, 0,
3538, 1769, 13733, 55, 0, 0,
3540, 1770, 13706, 29, 2, 0,
3542, 1771, 13788, 38, 0, 0,
3544, 1772, 13702, 28, 0, 0,
3546, 1773, 13614, 32, 0, 0,
3548, 1774, 13522, 43, 0, 0,
3550, 1775, 13453, 39, 0, 0,
3552, 1776, 13658, 53, 2, 0,
3554, 1777, 13548, 35, 0, 0,
3556, 1778, 13592, 34, 0, 0,
3558, 1779, 13644, 69, 0, 0,
3560, 1780, 13689, 32, 0, 0,
3562, 1781, 13687, 43, 2, 0,
3564, 1782, 13793, 42, 0, 0,
3566, 1783, 13904, 54, 0, 0,
3568, 1784, 11089, 44, 0, 0,
3570, 1785, 13789, 43, 0, 0,
3572, 1786, 13745, 27, 0, 0,
3574, 1787, 13733, 30, 3, 0,
3576, 1788, 13810, 27, 0, 0,
3578, 1789, 13814, 39, 0, 0,
3580, 1790, 13816, 27, 0, 0,
3582, 1791, 13806, 37, 0, 0,
3584, 1792, 13778, 28, 0, 0,
3586, 1793, 13695, 28, 3, 0,
3588, 1794, 13775, 30, 0, 0,
3590, 1795, 13764, 51, 0, 0,
3592, 1796, 13745, 46, 0, 0,
3594, 1797, 13748, 54, 0, 0,
3596, 1798, 13738, 37, 0, 0,
3598, 1799, 13659, 47, 2, 0,
3600, 1800, 13726, 54, 0, 0,
3602, 1801, 13713, 40, 0, 0,
3604, 1802, 13716, 54, 0, 0,
3606, 1803, 13704, 37, 0, 0,
3608, 1804, 13644, 56, 2, 0,
3610, 1805, 13696, 37, 0, 0,
3612, 1806, 13679, 43, 0, 0,
3614, 1807, 13690, 51, 0, 0,
3616, 1808, 13674, 40, 0, 0,
3618, 1809, 13658, 38, 0, 0,
3620, 1810, 13615, 29, 2, 0,
3622, 1811, 13646, 30, 0, 0,
3624, 1812, 13656, 44, 0, 0,
3626, 1813, 13646, 41, 0, 0,
3628, 1814, 13630, 35, 0, 0,
3630, 1815, 13630, 40, 0, 0,
3632, 1816, 13556, 44, 2, 0,
3634, 1817, 13614, 28, 0, 0,
3636, 1818, 13608, 39, 0, 0,
3638, 1819, 13592, 31, 0, 0,
3640, 1820, 13598, 29, 0, 0,
3642, 1821, 13587, 31, 0, 0,
3644, 1822, 13508, 34, 3, 0,
3646, 1823, 13577, 34, 0, 0,
3648, 1824, 13557, 39, 0, 0,
3650, 1825, 13564, 52, 0, 0,
3652, 1826, 13549, 30, 0, 0,
3654, 1827, 13503, 44, 2, 0,
3656, 1828, 13546, 31, 0, 0,
3658, 1829, 13526, 34, 0, 0,
3660, 1830, 12999, 29, 0, 0,
3662, 1831, 13509, 37, 0, 0,
3664, 1832, 13518, 45, 0, 0,
3666, 1833, 13454, 30, 2, 0,
3668, 1834, 13486, 30, 0, 0,
3670, 1835, 13491, 43, 0, 0,
3672, 1836, 13481, 36, 0, 0,
3674, 1837, 13490, 29, 0, 0,
3676, 1838, 13461, 70, 0, 0,
3678, 1839, 13408, 30, 2, 0,
3680, 1840, 13460, 40, 0, 0,
3682, 1841, 13443, 32, 0, 0,
3684, 1842, 13445, 34, 0, 0,
3686, 1843, 13430, 30, 0, 0,
3688, 1844, 13383, 32, 2, 0,
3690, 1845, 13415, 31, 0, 0,
3692, 1846, 13425, 29, 0, 0,
3694, 1847, 13421, 52, 0, 0,
3696, 1848, 13920, 30, 0, 0,
3698, 1849, 13928, 38, 0, 0,
3700, 1850, 13851, 33, 2, 0,
3702, 1851, 13894, 29, 0, 0,
3704, 1852, 13902, 33, 0, 0,
3706, 1853, 11222, 30, 0, 0,
3708, 1854, 13893, 45, 0, 0,
3710, 1855, 13879, 34, 0, 0,
3712, 1856, 13793, 41, 3, 0,
3714, 1857, 13876, 49, 0, 0,
3716, 1858, 13856, 29, 0, 0,
3718, 1859, 13861, 49, 0, 0,
3720, 1860, 13849, 33, 0, 0,
3722, 1861, 13787, 50, 2, 0,
3724, 1862, 13319, 32, 0, 0,
3726, 1863, 13823, 42, 0, 0,
3728, 1864, 13825, 36, 0, 0,
3730, 1865, 13803, 37, 0, 0,
3732, 1866, 13805, 39, 0, 0,
3734, 1867, 13717, 36, 3, 0,
3736, 1868, 13798, 36, 0, 0,
3738, 1869, 13787, 30, 0, 0,
3740, 1870, 13752, 56, 1, 0,
3742, 1871, 13773, 47, 0, 0,
3744, 1872, 13756, 30, 0, 0,
3746, 1873, 13755, 41, 0, 0,
3748, 1874, 13755, 35, 0, 0,
3750, 1875, 13741, 44, 0, 0,
3752, 1876, 13675, 34, 2, 0,
3754, 1877, 13721, 48, 0, 0,
3756, 1878, 13717, 33, 0, 0,
3758, 1879, 13710, 27, 0, 0,
3760, 1880, 13700, 35, 0, 0,
3762, 1881, 13701, 30, 0, 0,
3764, 1882, 13638, 37, 2, 0,
3766, 1883, 13678, 44, 0, 0,
3768, 1884, 13668, 29, 0, 0,
3770, 1885, 13667, 31, 0, 0,
3772, 1886, 13670, 36, 0, 0,
3774, 1887, 13712, 33, 0, 0,
3776, 1888, 13648, 39, 0, 0,
3778, 1889, 13699, 35, 0, 0,
3780, 1890, 13752, 33, 0, 0,
3782, 1891, 13803, 25, 0, 0,
3784, 1892, 13851, 45, 0, 0,
3786, 1893, 13743, 28, 2, 0,
3788, 1894, 13863, 28, 0, 0,
3790, 1895, 13755, 35, 0, 0,
3792, 1896, 14044, 28, 0, 0,
3794, 1897, 13956, 36, 0, 0,
3796, 1898, 13889, 27, 0, 0,
3798, 1899, 11261, 27, 2, 0,
3800, 1900, 13725, 43, 0, 0,
3802, 1901, 13646, 41, 0, 0,
3804, 1902, 13716, 40, 0, 0,
3806, 1903, 13895, 36, 0, 0,
3808, 1904, 13824, 37, 0, 0,
3810, 1905, 13857, 53, 2, 0,
3812, 1906, 13853, 43, 0, 0,
3814, 1907, 13866, 44, 0, 0,
3816, 1908, 13917, 41, 0, 0,
3818, 1909, 13963, 42, 0, 0,
3820, 1910, 13946, 79, 0, 0,
3822, 1911, 13890, 41, 3, 0,
3824, 1912, 13955, 31, 0, 0,
3826, 1913, 13956, 40, 0, 0,
3828, 1914, 13940, 26, 0, 0,
3830, 1915, 13936, 32, 0, 0,
3832, 1916, 13861, 44, 2, 0,
3834, 1917, 13906, 36, 0, 0,
3836, 1918, 13923, 41, 0, 0,
3838, 1919, 13890, 54, 0, 0,
3840, 1920, 13863, 41, 0, 0,
3842, 1921, 13943, 51, 0, 0,
3844, 1922, 13887, 36, 2, 0,
3846, 1923, 13812, 25, 0, 0,
3848, 1924, 13876, 31, 0, 0,
3850, 1925, 13863, 28, 0, 0,
3852, 1926, 13847, 29, 0, 0,
3854, 1927, 13851, 29, 0, 0,
3856, 1928, 13761, 47, 2, 0,
3858, 1929, 13835, 40, 0, 0,
3860, 1930, 13823, 33, 0, 0,
3862, 1931, 13819, 28, 0, 0,
3864, 1932, 13806, 43, 0, 0,
3866, 1933, 13817, 27, 0, 0,
3868, 1934, 13738, 42, 2, 0,
3870, 1935, 13798, 48, 0, 0,
3872, 1936, 13810, 30, 0, 0,
3874, 1937, 13784, 47, 0, 0,
3876, 1938, 13787, 35, 0, 0,
3878, 1939, 13777, 32, 0, 0,
3880, 1940, 13692, 52, 2, 0,
3882, 1941, 13761, 41, 0, 0,
3884, 1942, 13759, 36, 0, 0,
3886, 1943, 13746, 33, 0, 0,
3888, 1944, 13745, 50, 0, 0,
3890, 1945, 13682, 31, 2, 0,
3892, 1946, 13734, 30, 0, 0,
3894, 1947, 13720, 55, 0, 0,
3896, 1948, 13726, 38, 0, 0,
3898, 1949, 13708, 51, 0, 0,
3900, 1950, 13712, 30, 0, 0,
3902, 1951, 13635, 43, 2, 0,
3904, 1952, 13702, 31, 0, 0,
3906, 1953, 13687, 37, 0, 0,
3908, 1954, 13664, 34, 0, 0,
3910, 1955, 13675, 30, 0, 0,
3912, 1956, 13660, 54, 0, 0,
3914, 1957, 13587, 34, 2, 0,
3916, 1958, 13651, 39, 0, 0,
3918, 1959, 13644, 37, 0, 0,
3920, 1960, 13636, 39, 0, 0,
3922, 1961, 13636, 48, 0, 0,
3924, 1962, 13595, 34, 0, 0,
3926, 1963, 13625, 70, 0, 0,
3928, 1964, 13605, 35, 0, 0,
3930, 1965, 13615, 42, 0, 0,
3932, 1966, 14095, 41, 0, 0,
3934, 1967, 14084, 63, 0, 0,
3936, 1968, 11011, 28, 2, 0,
3938, 1969, 13581, 35, 0, 0,
3940, 1970, 13578, 33, 0, 0,
3942, 1971, 14067, 43, 0, 0,
3944, 1972, 14053, 58, 0, 0,
3946, 1973, 14038, 45, 0, 0,
3948, 1974, 13492, 34, 2, 0,
3950, 1975, 11032, 30, 0, 0,
3952, 1976, 14034, 45, 0, 0,
3954, 1977, 14035, 55, 0, 0,
3956, 1978, 14021, 42, 0, 0,
3958, 1979, 14016, 51, 0, 0,
3960, 1980, 13938, 38, 2, 0,
3962, 1981, 14005, 33, 0, 0,
3964, 1982, 14002, 33, 0, 0,
3966, 1983, 14002, 37, 0, 0,
3968, 1984, 13495, 38, 0, 0,
3970, 1985, 13987, 45, 0, 0,
3972, 1986, 13901, 49, 2, 0,
3974, 1987, 13972, 44, 0, 0,
3976, 1988, 13957, 46, 0, 0,
3978, 1989, 13944, 36, 0, 0,
3980, 1990, 13944, 35, 0, 0,
3982, 1991, 10900, 32, 2, 0,
3984, 1992, 13932, 40, 0, 0,
3986, 1993, 13916, 34, 0, 0,
3988, 1994, 13915, 41, 0, 0,
3990, 1995, 13915, 47, 0, 0,
3992, 1996, 13893, 33, 0, 0,
3994, 1997, 13809, 41, 2, 0,
3996, 1998, 10904, 30, 0, 0,
3998, 1999, 13880, 32, 0, 0,
4000, 2000, 13878, 45, 0, 0,
4002, 2001, 13860, 42, 0, 0,
4004, 2002, 13863, 36, 0, 0,
4006, 2003, 13800, 31, 2, 0,
4008, 2004, 13840, 41, 0, 0,
4010, 2005, 10873, 28, 0, 1,
4012, 2006, 13829, 31, 0, 0,
4014, 2007, 13832, 40, 0, 0,
4016, 2008, 13814, 30, 0, 0,
4018, 2009, 13712, 41, 3, 0,
4020, 2010, 13808, 35, 0, 0,
4022, 2011, 13824, 43, 0, 0,
4024, 2012, 13870, 40, 0, 0,
4026, 2013, 13867, 71, 0, 0,
4028, 2014, 13767, 541, 1, 0,
4030, 2015, 13795, 36, 0, 0,
4032, 2016, 13845, 42, 0, 0,
4034, 2017, 13910, 38, 0, 0,
4036, 2018, 13941, 38, 0, 0,
4038, 2019, 13365, 43, 0, 0,
4040, 2020, 13983, 29, 2, 0,
4042, 2021, 14033, 52, 0, 0,
4044, 2022, 14079, 36, 0, 0,
4046, 2023, 14117, 43, 0, 0,
4048, 2024, 11974, 33, 0, 0,
4050, 2025, 13972, 37, 0, 0,
4052, 2026, 13835, 53, 2, 0,
4054, 2027, 13819, 32, 0, 0,
4056, 2028, 13760, 35, 0, 0,
4058, 2029, 14029, 41, 0, 0,
4060, 2030, 13998, 49, 0, 0,
4062, 2031, 14038, 46, 0, 0,
4064, 2032, 13868, 50, 2, 0,
4066, 2033, 12566, 27, 0, 0,
4068, 2034, 14035, 40, 0, 0,
4070, 2035, 14070, 58, 0, 0,
4072, 2036, 14068, 47, 0, 0,
4074, 2037, 14075, 53, 0, 0,
4076, 2038, 13989, 33, 2, 0,
4078, 2039, 14058, 48, 0, 0,
4080, 2040, 14037, 40, 0, 0,
4082, 2041, 14042, 34, 0, 0,
4084, 2042, 14034, 29, 0, 0,
4086, 2043, 13967, 58, 2, 0,
4088, 2044, 14015, 31, 0, 0,
4090, 2045, 14014, 33, 0, 0,
4092, 2046, 13993, 32, 0, 0,
4094, 2047, 14004, 41, 0, 0,
4096, 2048, 13999, 54, 0, 0,
4098, 2049, 13930, 34, 2, 0,
4100, 2050, 13980, 33, 0, 0,
4102, 2051, 13976, 54, 0, 0,
4104, 2052, 13971, 44, 0, 0,
4106, 2053, 13949, 54, 0, 0,
4108, 2054, 13961, 33, 0, 0,
4110, 2055, 13888, 68, 1, 0,
4112, 2056, 13955, 35, 0, 0,
4114, 2057, 13932, 30, 0, 0,
4116, 2058, 13940, 38, 0, 0,
4118, 2059, 13927, 53, 0, 0,
4120, 2060, 13923, 35, 0, 0,
4122, 2061, 13825, 37, 3, 0,
4124, 2062, 13906, 50, 0, 0,
4126, 2063, 13905, 50, 0, 0,
4128, 2064, 13901, 38, 0, 0,
4130, 2065, 13911, 30, 0, 0,
4132, 2066, 13892, 37, 0, 0,
4134, 2067, 13793, 28, 3, 0,
4136, 2068, 13877, 41, 0, 0,
4138, 2069, 13877, 51, 0, 0,
4140, 2070, 13860, 40, 0, 0,
4142, 2071, 13877, 54, 0, 0,
4144, 2072, 13798, 30, 2, 0,
4146, 2073, 13851, 43, 0, 0,
4148, 2074, 13836, 62, 0, 0,
4150, 2075, 13822, 33, 0, 0,
4152, 2076, 13813, 35, 0, 0,
4154, 2077, 13828, 35, 0, 0,
4156, 2078, 13732, 44, 3, 0,
4158, 2079, 13839, 37, 0, 0,
4160, 2080, 13756, 29, 0, 0,
4162, 2081, 13748, 31, 0, 0,
4164, 2082, 13860, 39, 0, 0,
4166, 2083, 13698, 32, 0, 0,
4168, 2084, 13789, 36, 2, 0,
4170, 2085, 13726, 40, 0, 0,
4172, 2086, 13790, 29, 0, 0,
4174, 2087, 13746, 31, 0, 0,
4176, 2088, 13753, 27, 0, 0,
4178, 2089, 13762, 42, 0, 0,
4180, 2090, 13667, 53, 2, 0,
4182, 2091, 13746, 26, 0, 0,
4184, 2092, 13729, 42, 0, 0,
4186, 2093, 13736, 33, 0, 0,
4188, 2094, 13724, 28, 0, 0,
4190, 2095, 13717, 46, 0, 0,
4192, 2096, 13634, 37, 2, 0,
4194, 2097, 13698, 26, 0, 0,
4196, 2098, 13699, 31, 0, 0,
4198, 2099, 13696, 34, 0, 0,
4200, 2100, 13682, 34, 0, 0,
4202, 2101, 13620, 45, 2, 0,
4204, 2102, 13670, 34, 0, 0,
4206, 2103, 13673, 39, 0, 0,
4208, 2104, 13675, 37, 0, 0,
4210, 2105, 13658, 33, 0, 0,
4212, 2106, 13664, 41, 0, 0,
4214, 2107, 13589, 29, 1, 0,
4216, 2108, 13651, 39, 0, 0,
4218, 2109, 11268, 33, 0, 0,
4220, 2110, 13624, 65, 0, 0,
4222, 2111, 13618, 29, 0, 0,
4224, 2112, 13620, 35, 0, 0,
4226, 2113, 13553, 39, 3, 0,
4228, 2114, 13601, 29, 0, 0,
4230, 2115, 13600, 31, 0, 0,
4232, 2116, 13599, 33, 0, 0,
4234, 2117, 13589, 36, 0, 0,
4236, 2118, 11223, 31, 0, 0,
4238, 2119, 13497, 77, 2, 0,
4240, 2120, 13566, 29, 0, 0,
4242, 2121, 13562, 55, 0, 0,
4244, 2122, 13561, 37, 0, 0,
4246, 2123, 13544, 32, 0, 0,
4248, 2124, 13487, 111, 2, 0,
4250, 2125, 13542, 36, 0, 0,
4252, 2126, 13531, 28, 0, 0,
4254, 2127, 13516, 40, 0, 0,
4256, 2128, 13520, 30, 0, 0,
4258, 2129, 13501, 28, 0, 0,
4260, 2130, 13443, 34, 2, 0,
4262, 2131, 13506, 52, 0, 0,
4264, 2132, 11612, 26, 0, 0,
4266, 2133, 13486, 29, 0, 0,
4268, 2134, 13492, 31, 0, 0,
4270, 2135, 13490, 30, 0, 0,
4272, 2136, 13449, 29, 2, 0,
4274, 2137, 13494, 29, 0, 0,
4276, 2138, 13673, 27, 0, 0,
4278, 2139, 13612, 25, 1, 0,
4280, 2140, 13642, 30, 0, 0,
4282, 2141, 13621, 32, 0, 0,
4284, 2142, 13553, 30, 0, 0,
4286, 2143, 13509, 31, 0, 0,
4288, 2144, 13380, 35, 2, 0,
4290, 2145, 13463, 41, 0, 0,
4292, 2146, 13520, 33, 0, 0,
4294, 2147, 13560, 31, 0, 0,
4296, 2148, 13615, 54, 0, 0,
4298, 2149, 13660, 30, 0, 0,
4300, 2150, 13618, 34, 2, 0,
4302, 2151, 13734, 32, 0, 0,
4304, 2152, 13772, 47, 0, 0,
4306, 2153, 13731, 27, 0, 0,
4308, 2154, 13657, 35, 0, 0,
4310, 2155, 13652, 42, 0, 0,
4312, 2156, 13627, 39, 1, 0,
4314, 2157, 13628, 30, 0, 0,
4316, 2158, 13710, 35, 0, 0,
4318, 2159, 13716, 26, 0, 0,
4320, 2160, 13742, 52, 0, 0,
4322, 2161, 13673, 48, 2, 0,
4324, 2162, 13727, 31, 0, 0,
4326, 2163, 13728, 33, 0, 0,
4328, 2164, 13688, 34, 0, 0,
4330, 2165, 13705, 28, 0, 0,
4332, 2166, 13696, 39, 0, 0,
4334, 2167, 12327, 31, 0, 0,
4336, 2168, 13697, 60, 0, 0,
4338, 2169, 13675, 32, 0, 0,
4340, 2170, 13617, 31, 2, 0,
4342, 2171, 13666, 32, 0, 0,
4344, 2172, 13670, 44, 0, 0,
4346, 2173, 13644, 33, 0, 0,
4348, 2174, 13654, 32, 0, 0,
4350, 2175, 13647, 31, 0, 0,
4352, 2176, 13635, 29, 0, 0,
4354, 2177, 13638, 31, 0, 0,
4356, 2178, 13620, 30, 0, 0,
4358, 2179, 13618, 54, 0, 0,
4360, 2180, 13613, 32, 0, 0,
4362, 2181, 13551, 30, 2, 0,
4364, 2182, 13612, 32, 0, 0,
4366, 2183, 11321, 28, 0, 2,
4368, 2184, 13593, 31, 0, 0,
4370, 2185, 13587, 33, 0, 0,
4372, 2186, 13534, 33, 1, 0,
4374, 2187, 13592, 61, 0, 0,
4376, 2188, 13570, 52, 0, 0,
4378, 2189, 13581, 32, 0, 0,
4380, 2190, 13571, 30, 0, 0,
4382, 2191, 13561, 30, 0, 0,
4384, 2192, 13482, 36, 1, 0,
4386, 2193, 13542, 33, 0, 0,
4388, 2194, 13550, 66, 0, 0,
4390, 2195, 13535, 29, 0, 0,
4392, 2196, 13534, 31, 0, 0,
4394, 2197, 13456, 33, 2, 0,
4396, 2198, 13515, 31, 0, 0,
4398, 2199, 13526, 37, 0, 0,
4400, 2200, 13505, 27, 0, 0,
4402, 2201, 13505, 28, 0, 0,
4404, 2202, 13497, 33, 0, 0,
4406, 2203, 13432, 30, 2, 0,
4408, 2204, 13510, 32, 0, 0,
4410, 2205, 13516, 31, 0, 0,
4412, 2206, 12119, 31, 0, 0,
4414, 2207, 13470, 25, 0, 0,
4416, 2208, 13391, 28, 2, 0,
4418, 2209, 13453, 29, 0, 0,
4420, 2210, 13455, 30, 0, 0,
4422, 2211, 13454, 29, 0, 0,
4424, 2212, 13443, 49, 0, 0,
4426, 2213, 13393, 52, 2, 0,
4428, 2214, 13426, 48, 0, 0,
4430, 2215, 13431, 30, 0, 0,
4432, 2216, 13427, 54, 0, 0,
4434, 2217, 13408, 28, 0, 0,
4436, 2218, 13837, 31, 0, 0,
4438, 2219, 13738, 41, 3, 0,
4440, 2220, 13837, 34, 0, 0,
4442, 2221, 13825, 34, 0, 0,
4444, 2222, 13381, 29, 0, 0,
4446, 2223, 13820, 30, 0, 0,
4448, 2224, 13313, 30, 2, 0,
4450, 2225, 13810, 41, 0, 0,
4452, 2226, 13810, 37, 0, 0,
4454, 2227, 11563, 30, 0, 0,
4456, 2228, 13790, 31, 0, 0,
4458, 2229, 13789, 44, 0, 0,
4460, 2230, 13729, 37, 1, 0,
4462, 2231, 13799, 37, 0, 0,
4464, 2232, 13772, 36, 0, 0,
4466, 2233, 13769, 36, 0, 0,
4468, 2234, 11526, 27, 0, 0,
4470, 2235, 13705, 36, 2, 0,
4472, 2236, 13759, 72, 0, 0,
4474, 2237, 13743, 27, 0, 0,
4476, 2238, 13738, 31, 0, 0,
4478, 2239, 13734, 32, 0, 0,
4480, 2240, 13660, 41, 2, 0,
4482, 2241, 13288, 29, 0, 0,
4484, 2242, 13711, 37, 0, 0,
4486, 2243, 13707, 33, 0, 0,
4488, 2244, 13692, 24, 0, 0,
4490, 2245, 13692, 43, 0, 0,
4492, 2246, 13635, 32, 2, 0,
4494, 2247, 13680, 33, 0, 0,
4496, 2248, 13683, 28, 0, 0,
4498, 2249, 13662, 30, 0, 0,
4500, 2250, 13217, 32, 0, 0,
4502, 2251, 13611, 38, 1, 0,
4504, 2252, 13653, 59, 0, 0,
4506, 2253, 13661, 48, 0, 0,
4508, 2254, 13634, 33, 0, 0,
4510, 2255, 13641, 30, 0, 0,
4512, 2256, 13637, 31, 0, 0,
4514, 2257, 13553, 31, 2, 0,
4516, 2258, 13654, 57, 0, 0,
4518, 2259, 13657, 36, 0, 0,
4520, 2260, 13666, 35, 0, 0,
4522, 2261, 13745, 26, 0, 0,
4524, 2262, 13611, 58, 2, 0,
4526, 2263, 13700, 29, 0, 0,
4528, 2264, 13655, 30, 0, 0,
4530, 2265, 13925, 41, 0, 0,
4532, 2266, 11637, 28, 0, 0,
4534, 2267, 13745, 31, 1, 0,
4536, 2268, 13703, 44, 0, 0,
4538, 2269, 13740, 56, 0, 0,
4540, 2270, 13518, 34, 0, 0,
4542, 2271, 13553, 31, 0, 0,
4544, 2272, 13752, 35, 0, 0,
4546, 2273, 11648, 24, 1, 1,
4548, 2274, 13678, 35, 0, 0,
4550, 2275, 13770, 32, 0, 0,
4552, 2276, 13820, 31, 0, 0,
4554, 2277, 13824, 47, 0, 0,
4556, 2278, 13803, 37, 2, 0,
4558, 2279, 13881, 35, 0, 0,
4560, 2280, 13812, 26, 0, 0,
4562, 2281, 13812, 27, 0, 0,
4564, 2282, 13869, 35, 0, 0,
4566, 2283, 13852, 27, 0, 0,
4568, 2284, 13778, 43, 2, 0,
4570, 2285, 13847, 35, 0, 0,
4572, 2286, 13841, 41, 0, 0,
4574, 2287, 13848, 35, 0, 0,
4576, 2288, 13831, 40, 0, 0,
4578, 2289, 13735, 36, 3, 0,
4580, 2290, 13809, 29, 0, 0,
4582, 2291, 13815, 41, 0, 0,
4584, 2292, 13820, 33, 0, 0,
4586, 2293, 13800, 42, 0, 0,
4588, 2294, 13794, 66, 0, 0,
4590, 2295, 13731, 36, 2, 0,
4592, 2296, 13792, 32, 0, 0,
4594, 2297, 13786, 32, 0, 0,
4596, 2298, 13763, 43, 0, 0,
4598, 2299, 13766, 39, 0, 0,
4600, 2300, 13702, 30, 2, 0,
4602, 2301, 13759, 38, 0, 0,
4604, 2302, 13747, 29, 0, 0,
4606, 2303, 11608, 33, 0, 1,
4608, 2304, 13733, 29, 0, 0,
4610, 2305, 13678, 34, 2, 0,
4612, 2306, 13721, 26, 0, 0,
4614, 2307, 13717, 29, 0, 0,
4616, 2308, 13729, 37, 0, 0,
4618, 2309, 13705, 30, 0, 0,
4620, 2310, 11562, 30, 0, 1,
4622, 2311, 13647, 31, 2, 0,
4624, 2312, 13699, 30, 0, 0,
4626, 2313, 13710, 29, 0, 0,
4628, 2314, 13679, 39, 0, 0,
4630, 2315, 13690, 36, 0, 0,
4632, 2316, 13623, 31, 2, 0,
4634, 2317, 13680, 40, 0, 0,
4636, 2318, 13679, 30, 0, 0,
4638, 2319, 13677, 30, 0, 0,
4640, 2320, 13660, 28, 0, 0,
4642, 2321, 13603, 36, 2, 0,
4644, 2322, 13647, 31, 0, 0,
4646, 2323, 13647, 32, 0, 0,
4648, 2324, 13645, 31, 0, 0,
4650, 2325, 13627, 32, 0, 0,
4652, 2326, 11913, 31, 0, 0,
4654, 2327, 13574, 28, 1, 0,
4656, 2328, 13617, 29, 0, 0,
4658, 2329, 13622, 31, 0, 0,
4660, 2330, 13622, 35, 0, 0,
4662, 2331, 13595, 38, 0, 0,
4664, 2332, 13532, 72, 2, 0,
4666, 2333, 11465, 30, 0, 2,
4668, 2334, 13586, 29, 0, 0,
4670, 2335, 13590, 41, 0, 0,
4672, 2336, 13572, 31, 0, 0,
4674, 2337, 13502, 575, 2, 0,
4676, 2338, 13574, 31, 0, 0,
4678, 2339, 13968, 28, 0, 0,
4680, 2340, 11849, 26, 0, 0,
4682, 2341, 13540, 35, 0, 0,
4684, 2342, 13563, 32, 0, 0,
4686, 2343, 13460, 30, 2, 0,
4688, 2344, 13532, 30, 0, 0,
4690, 2345, 13938, 29, 0, 0,
4692, 2346, 13941, 39, 0, 0,
4694, 2347, 13520, 30, 0, 0,
4696, 2348, 13857, 35, 1, 0,
4698, 2349, 13923, 33, 0, 0,
4700, 2350, 13916, 38, 0, 0,
4702, 2351, 13912, 67, 0, 0,
4704, 2352, 13899, 38, 0, 0,
4706, 2353, 13897, 33, 0, 0,
4708, 2354, 13834, 35, 2, 0,
4710, 2355, 13889, 32, 0, 0,
4712, 2356, 13886, 84, 0, 0,
4714, 2357, 13896, 51, 0, 0,
4716, 2358, 13864, 32, 0, 0,
4718, 2359, 13869, 31, 0, 0,
4720, 2360, 13775, 35, 3, 0,
4722, 2361, 13859, 32, 0, 0,
4724, 2362, 13860, 37, 0, 0,
4726, 2363, 13437, 28, 0, 0,
4728, 2364, 13839, 47, 0, 0,
4730, 2365, 13785, 31, 1, 0,
4732, 2366, 13826, 38, 0, 0,
4734, 2367, 13827, 67, 0, 0,
4736, 2368, 13829, 33, 0, 0,
4738, 2369, 13809, 30, 0, 0,
4740, 2370, 13344, 514, 1, 0,
4742, 2371, 13803, 27, 0, 0,
4744, 2372, 13796, 34, 0, 0,
4746, 2373, 13789, 42, 0, 0,
4748, 2374, 13795, 31, 0, 0,
4750, 2375, 12941, 29, 0, 0,
4752, 2376, 13702, 29, 2, 0,
4754, 2377, 13776, 29, 0, 0,
4756, 2378, 13759, 31, 0, 0,
4758, 2379, 13766, 41, 0, 0,
4760, 2380, 13748, 39, 0, 0,
4762, 2381, 13674, 29, 2, 0,
4764, 2382, 11254, 28, 0, 1,
4766, 2383, 13740, 31, 0, 0,
4768, 2384, 13748, 26, 0, 0,
4770, 2385, 13788, 27, 0, 0,
4772, 2386, 13809, 27, 0, 0,
4774, 2387, 13765, 27, 2, 0,
4776, 2388, 13772, 31, 0, 0,
4778, 2389, 13850, 27, 0, 0,
4780, 2390, 13793, 32, 0, 0,
4782, 2391, 13934, 33, 0, 0,
4784, 2392, 13923, 27, 2, 0,
4786, 2393, 13937, 32, 0, 0,
4788, 2394, 13876, 30, 0, 0,
4790, 2395, 13821, 30, 0, 0,
4792, 2396, 13741, 37, 0, 0,
4794, 2397, 13648, 93, 2, 0,
4796, 2398, 13883, 32, 0, 0,
4798, 2399, 13825, 34, 0, 0,
4800, 2400, 13859, 41, 0, 0,
4802, 2401, 13851, 56, 0, 0,
4804, 2402, 13884, 41, 0, 0,
4806, 2403, 13839, 33, 2, 0,
4808, 2404, 13946, 32, 0, 0,
4810, 2405, 11876, 35, 0, 1,
4812, 2406, 13938, 30, 0, 0,
4814, 2407, 13961, 41, 0, 0,
4816, 2408, 13906, 53, 2, 0,
4818, 2409, 13952, 41, 0, 0,
4820, 2410, 13956, 36, 0, 0,
4822, 2411, 13951, 35, 0, 0,
4824, 2412, 13945, 38, 0, 0,
4826, 2413, 13934, 35, 0, 0,
4828, 2414, 13877, 37, 1, 0,
4830, 2415, 13918, 41, 0, 0,
4832, 2416, 13920, 32, 0, 0,
4834, 2417, 13912, 27, 0, 0,
4836, 2418, 13905, 40, 0, 0,
4838, 2419, 13820, 50, 2, 0,
4840, 2420, 13902, 38, 0, 0,
4842, 2421, 13884, 28, 0, 0,
4844, 2422, 13885, 53, 0, 0,
4846, 2423, 13881, 37, 0, 0,
4848, 2424, 13805, 41, 1, 0,
4850, 2425, 13871, 31, 0, 0,
4852, 2426, 13068, 28, 0, 0,
4854, 2427, 13853, 33, 0, 0,
4856, 2428, 13850, 30, 0, 0,
4858, 2429, 13856, 30, 0, 0,
4860, 2430, 13752, 34, 2, 0,
4862, 2431, 13840, 29, 0, 0,
4864, 2432, 13842, 33, 0, 0,
4866, 2433, 12193, 28, 0, 0,
4868, 2434, 13828, 40, 0, 0,
4870, 2435, 13739, 49, 2, 0,
4872, 2436, 13820, 31, 0, 0,
4874, 2437, 13814, 37, 0, 0,
4876, 2438, 13820, 31, 0, 0,
4878, 2439, 13805, 68, 0, 0,
4880, 2440, 12571, 29, 0, 0,
4882, 2441, 13715, 29, 2, 0,
4884, 2442, 13793, 32, 0, 0,
4886, 2443, 13792, 31, 0, 0,
4888, 2444, 13768, 50, 0, 0,
4890, 2445, 13765, 30, 0, 0,
4892, 2446, 13705, 23, 2, 0,
4894, 2447, 11726, 28, 0, 1,
4896, 2448, 13761, 28, 0, 0,
4898, 2449, 13757, 30, 0, 0,
4900, 2450, 13731, 30, 0, 0,
4902, 2451, 13677, 307, 1, 0,
4904, 2452, 13734, 33, 0, 0,
4906, 2453, 13727, 52, 0, 0,
4908, 2454, 13739, 29, 0, 0,
4910, 2455, 13730, 29, 0, 0,
4912, 2456, 13731, 36, 0, 0,
4914, 2457, 13649, 43, 2, 0,
4916, 2458, 13716, 39, 0, 0,
4918, 2459, 13694, 30, 0, 0,
4920, 2460, 13698, 28, 0, 0,
4922, 2461, 13702, 29, 0, 0,
4924, 2462, 13635, 29, 2, 0,
4926, 2463, 13689, 29, 0, 0,
4928, 2464, 13672, 29, 0, 0,
4930, 2465, 13689, 29, 0, 0,
4932, 2466, 14060, 49, 0, 0,
4934, 2467, 13598, 62, 2, 0,
4936, 2468, 14054, 38, 0, 0,
4938, 2469, 13647, 31, 0, 0,
4940, 2470, 13661, 29, 0, 0,
4942, 2471, 14031, 33, 0, 0,
4944, 2472, 14012, 32, 0, 0,
4946, 2473, 13966, 39, 2, 0,
4948, 2474, 14023, 29, 0, 0,
4950, 2475, 14010, 31, 0, 0,
4952, 2476, 14004, 41, 0, 0,
4954, 2477, 11610, 34, 0, 1,
4956, 2478, 13912, 29, 2, 0,
4958, 2479, 13992, 29, 0, 0,
4960, 2480, 14000, 30, 0, 0,
4962, 2481, 13976, 28, 0, 0,
4964, 2482, 13987, 54, 0, 0,
4966, 2483, 13985, 27, 0, 0,
4968, 2484, 13878, 29, 2, 0,
4970, 2485, 13965, 33, 0, 0,
4972, 2486, 13968, 29, 0, 0,
4974, 2487, 13945, 35, 0, 0,
4976, 2488, 13960, 42, 0, 0,
4978, 2489, 13873, 31, 1, 0,
4980, 2490, 13952, 74, 0, 0,
4982, 2491, 13932, 30, 0, 0,
4984, 2492, 13939, 38, 0, 0,
4986, 2493, 13914, 32, 0, 0,
4988, 2494, 13862, 53, 2, 0,
4990, 2495, 13948, 39, 0, 0,
4992, 2496, 13901, 35, 0, 0,
4994, 2497, 13952, 86, 0, 0,
4996, 2498, 13829, 29, 0, 0,
4998, 2499, 13825, 29, 0, 0,
5000, 2500, 13710, 29, 2, 0,
Program complete!


nios2-terminal: exiting due to ^C on host

nios2-terminal: Warning: The JTAG cable you are using is not supported for Nios
nios2-terminal: II systems.  You may experience intermittent JTAG communication
nios2-terminal: failures with this cable.  Please use a USB Blaster revision B
nios2-terminal: cable or another supported cable.  Please refer to the file
nios2-terminal: errata.txt included in the Nios II development kit documents
nios2-terminal: directory for more information.

