nios2-terminal: connected to hardware target using JTAG UART on cable
nios2-terminal: "USB-Blaster [USB-0]", device 1, instance 0
nios2-terminal: (Use the IDE stop button or Ctrl-C to terminate)

Tight Polling method selected
Please, press PB0 to continue, or change switch position and press PB1
2, 1, 0, 4, 44126, 0
4, 2, 1, 6, 35407, 6712
6, 3, 0, 8, 58959, 2068
8, 4, 7984, 8, 2208, 0
10, 5, 1, 8, 19159, 0
12, 6, 0, 8, 65442, 0
14, 7, 1, 9, 40809, 0
16, 8, 5691, 10, 41220, 0
18, 9, 0, 12, 25547, 0
20, 10, 0, 15, 10314, 0
22, 11, 7523, 16, 15880, 0
24, 12, 0, 18, 63111, 0
26, 13, 0, 21, 53488, 0
28, 14, 0, 22, 42108, 0
30, 15, 7981, 25, 60676, 0
32, 16, 6376, 26, 57961, 0
34, 17, 4754, 29, 55001, 0
36, 18, 0, 31, 46754, 0
38, 19, 0, 32, 28961, 0
40, 20, 0, 35, 33919, 0
42, 21, 0, 37, 29399, 0
44, 22, 1, 37, 25465, 0
46, 23, 1, 34, 21089, 0
48, 24, 6219, 40, 33782, 0
50, 25, 6327, 41, 32136, 0
52, 26, 1, 38, 11726, 0
54, 27, 1, 40, 9571, 0
56, 28, 6397, 44, 28086, 0
58, 29, 0, 37, 5147, 0
60, 30, 0, 37, 2289, 0
62, 31, 0, 29, 397, 0
64, 32, 0, 28, 398, 0
66, 33, 0, 27, 494, 0
68, 34, 0, 26, 354, 0
70, 35, 0, 28, 356, 0
72, 36, 0, 29, 341, 0
74, 37, 0, 23, 332, 0
76, 38, 0, 22, 314, 0
78, 39, 0, 21, 396, 0
80, 40, 0, 23, 312, 0
82, 41, 0, 22, 297, 0
84, 42, 0, 26, 288, 0
86, 43, 0, 25, 279, 0
88, 44, 6426, 73, 15797, 0
90, 45, 6946, 70, 14794, 0
92, 46, 7041, 77, 17756, 0
94, 47, 7229, 82, 17219, 0
96, 48, 7579, 83, 16619, 0
98, 49, 1, 32, 265, 0
100, 50, 1, 31, 306, 0
102, 51, 1, 45, 232, 0
104, 52, 1, 44, 231, 0
106, 53, 1, 40, 219, 0
108, 54, 1, 39, 222, 0
110, 55, 1, 38, 217, 0
112, 56, 5763, 74, 11782, 0
114, 57, 5682, 76, 11560, 0
116, 58, 6737, 94, 13581, 0
118, 59, 1, 32, 203, 0
120, 60, 8912, 107, 15583, 0
122, 61, 9420, 113, 16106, 0
124, 62, 8767, 114, 15247, 0
126, 63, 8331, 110, 14435, 0
128, 64, 8021, 113, 13379, 0
130, 65, 7492, 111, 12654, 0
132, 66, 6086, 91, 8840, 0
134, 67, 7241, 101, 11086, 0
136, 68, 1, 29, 172, 0
138, 69, 1, 32, 173, 0
140, 70, 1, 23, 167, 0
142, 71, 1, 22, 163, 0
144, 72, 1, 21, 164, 0
146, 73, 1, 24, 220, 0
148, 74, 1, 22, 149, 0
150, 75, 1, 24, 146, 0
152, 76, 1, 32, 143, 0
154, 77, 1, 53, 147, 0
156, 78, 1, 30, 142, 0
158, 79, 1, 29, 178, 0
160, 80, 1, 53, 138, 0
162, 81, 1, 30, 137, 0
164, 82, 1, 31, 133, 0
166, 83, 1, 33, 132, 0
168, 84, 6982, 141, 9437, 0
170, 85, 7611, 129, 7822, 0
172, 86, 7573, 125, 7708, 0
174, 87, 7489, 132, 7619, 0
176, 88, 0, 38, 130, 1
178, 89, 7323, 123, 7450, 0
180, 90, 0, 40, 169, 0
182, 91, 7161, 124, 7289, 0
184, 92, 0, 34, 127, 0
186, 93, 0, 33, 125, 0
188, 94, 0, 32, 126, 0
190, 95, 0, 34, 123, 0
192, 96, 0, 37, 157, 0
194, 97, 0, 29, 120, 1
196, 98, 0, 44, 117, 1
198, 99, 0, 27, 129, 0
200, 100, 0, 26, 110, 1
202, 101, 0, 29, 109, 0
204, 102, 0, 28, 138, 0
206, 103, 0, 23, 105, 0
208, 104, 0, 22, 102, 0
210, 105, 0, 21, 96, 0
212, 106, 0, 27, 98, 0
214, 107, 0, 34, 92, 0
216, 108, 0, 24, 123, 0
218, 109, 0, 30, 98, 0
220, 110, 0, 31, 95, 0
222, 111, 0, 39, 93, 1
224, 112, 0, 30, 91, 0
226, 113, 0, 31, 92, 0
228, 114, 0, 54, 124, 0
230, 115, 0, 32, 92, 0
232, 116, 0, 34, 90, 0
234, 117, 0, 36, 88, 0
236, 118, 0, 50, 86, 0
238, 119, 0, 47, 115, 0
240, 120, 0, 47, 87, 0
242, 121, 0, 52, 89, 0
244, 122, 0, 39, 86, 0
246, 123, 0, 66, 88, 0
248, 124, 0, 33, 88, 0
250, 125, 0, 46, 111, 0
252, 126, 0, 41, 89, 0
254, 127, 0, 37, 87, 0
256, 128, 0, 34, 88, 0
258, 129, 0, 35, 86, 1
260, 130, 0, 38, 86, 0
262, 131, 0, 30, 111, 1
264, 132, 0, 68, 85, 0
266, 133, 0, 31, 86, 0
268, 134, 0, 30, 87, 0
270, 135, 0, 29, 85, 0
272, 136, 0, 28, 87, 0
274, 137, 0, 29, 106, 0
276, 138, 0, 26, 86, 0
278, 139, 0, 32, 81, 0
280, 140, 0, 24, 81, 0
282, 141, 0, 26, 84, 0
284, 142, 0, 25, 83, 0
286, 143, 0, 24, 110, 0
288, 144, 0, 26, 82, 0
290, 145, 0, 36, 80, 0
292, 146, 0, 35, 83, 0
294, 147, 0, 32, 81, 0
296, 148, 6599, 128, 113, 0
298, 149, 0, 52, 85, 0
300, 150, 0, 70, 75, 1
302, 151, 0, 40, 74, 1
304, 152, 0, 46, 73, 1
306, 153, 0, 45, 76, 1
308, 154, 0, 44, 94, 1
310, 155, 0, 43, 68, 0
312, 156, 0, 42, 70, 0
314, 157, 0, 46, 65, 0
316, 158, 0, 40, 69, 0
318, 159, 0, 39, 62, 0
320, 160, 0, 39, 94, 0
322, 161, 0, 37, 62, 0
324, 162, 0, 36, 64, 0
326, 163, 0, 35, 73, 0
328, 164, 0, 35, 60, 0
330, 165, 0, 33, 58, 0
332, 166, 0, 42, 55, 0
334, 167, 0, 31, 56, 0
336, 168, 0, 30, 57, 0
338, 169, 0, 29, 88, 0
340, 170, 0, 28, 54, 0
342, 171, 0, 36, 53, 0
344, 172, 0, 26, 53, 0
346, 173, 0, 28, 56, 0
348, 174, 0, 24, 45, 0
350, 175, 0, 59, 71, 0
352, 176, 0, 28, 48, 0
354, 177, 0, 27, 47, 0
356, 178, 0, 33, 51, 0
358, 179, 0, 35, 51, 0
360, 180, 0, 34, 65, 0
362, 181, 0, 35, 48, 0
364, 182, 0, 25, 50, 0
366, 183, 0, 39, 48, 1
368, 184, 0, 58, 47, 0
370, 185, 0, 46, 48, 1
372, 186, 0, 45, 65, 0
374, 187, 0, 44, 45, 1
376, 188, 0, 43, 47, 1
378, 189, 0, 42, 46, 1
380, 190, 0, 41, 46, 1
382, 191, 0, 43, 45, 1
384, 192, 0, 39, 62, 1
386, 193, 0, 45, 46, 1
388, 194, 0, 37, 45, 1
390, 195, 0, 36, 46, 1
392, 196, 0, 35, 44, 1
394, 197, 0, 34, 45, 0
396, 198, 0, 35, 60, 0
398, 199, 0, 32, 43, 0
400, 200, 0, 35, 44, 0
402, 201, 0, 30, 44, 0
404, 202, 0, 57, 43, 0
406, 203, 0, 28, 44, 0
408, 204, 0, 33, 63, 0
410, 205, 0, 27, 44, 0
412, 206, 0, 25, 43, 0
414, 207, 0, 27, 43, 0
416, 208, 0, 26, 44, 0
418, 209, 0, 45, 57, 0
420, 210, 0, 24, 44, 0
422, 211, 0, 31, 43, 0
424, 212, 0, 32, 43, 0
426, 213, 0, 34, 44, 0
428, 214, 0, 38, 43, 0
430, 215, 0, 52, 58, 0
432, 216, 0, 44, 43, 0
434, 217, 0, 39, 44, 0
436, 218, 0, 58, 43, 0
438, 219, 0, 45, 43, 0
440, 220, 0, 44, 44, 0
442, 221, 0, 43, 57, 0
444, 222, 0, 42, 45, 0
446, 223, 0, 42, 43, 0
448, 224, 0, 40, 43, 0
450, 225, 0, 43, 44, 0
452, 226, 0, 46, 42, 0
454, 227, 0, 67, 57, 0
456, 228, 0, 36, 43, 0
458, 229, 0, 35, 42, 0
460, 230, 0, 34, 43, 0
462, 231, 0, 33, 43, 0
464, 232, 0, 33, 43, 0
466, 233, 0, 31, 60, 0
468, 234, 0, 38, 43, 0
470, 235, 0, 29, 43, 0
472, 236, 0, 71, 42, 0
474, 237, 0, 28, 44, 0
476, 238, 0, 26, 55, 0
478, 239, 0, 25, 43, 1
480, 240, 0, 24, 44, 1
482, 241, 0, 28, 43, 0
484, 242, 0, 28, 43, 1
486, 243, 0, 41, 43, 1
488, 244, 0, 31, 56, 1
490, 245, 0, 72, 43, 2
492, 246, 0, 34, 43, 1
494, 247, 0, 36, 43, 1
496, 248, 0, 51, 43, 1
498, 249, 0, 39, 43, 1
500, 250, 0, 48, 62, 1
502, 251, 0, 46, 43, 1
504, 252, 0, 51, 44, 1
506, 253, 0, 44, 42, 1
508, 254, 0, 74, 42, 1
510, 255, 0, 42, 43, 1
512, 256, 0, 41, 56, 1
514, 257, 0, 41, 44, 1
516, 258, 0, 39, 43, 1
518, 259, 0, 38, 43, 1
520, 260, 0, 37, 43, 1
522, 261, 0, 32, 42, 1
524, 262, 0, 35, 63, 1
526, 263, 0, 70, 42, 1
528, 264, 0, 34, 44, 1
530, 265, 0, 32, 42, 1
532, 266, 0, 32, 43, 1
534, 267, 0, 46, 53, 0
536, 268, 0, 31, 42, 0
538, 269, 0, 28, 43, 0
540, 270, 0, 35, 41, 0
542, 271, 0, 26, 42, 0
544, 272, 0, 49, 42, 0
546, 273, 0, 24, 52, 0
548, 274, 0, 26, 43, 0
550, 275, 0, 30, 39, 0
552, 276, 0, 27, 40, 0
554, 277, 0, 31, 41, 0
556, 278, 0, 34, 41, 0
558, 279, 0, 41, 52, 0
560, 280, 0, 35, 41, 0
562, 281, 0, 50, 41, 0
564, 282, 0, 39, 41, 0
566, 283, 0, 71, 38, 0
568, 284, 0, 46, 42, 0
570, 285, 0, 45, 52, 0
572, 286, 0, 45, 40, 0
574, 287, 0, 43, 41, 0
576, 288, 0, 46, 41, 0
578, 289, 0, 41, 40, 0
580, 290, 0, 56, 40, 0
582, 291, 0, 39, 54, 0
584, 292, 0, 95, 39, 0
586, 293, 0, 38, 37, 0
588, 294, 0, 36, 37, 0
590, 295, 0, 37, 39, 0
592, 296, 0, 34, 45, 0
594, 297, 0, 43, 39, 0
596, 298, 0, 32, 38, 0
598, 299, 0, 51, 39, 0
600, 300, 0, 31, 36, 0
602, 301, 0, 29, 35, 0
604, 302, 0, 30, 43, 0
606, 303, 0, 32, 34, 0
608, 304, 0, 30, 33, 0
610, 305, 0, 25, 36, 0
612, 306, 0, 36, 33, 0
614, 307, 0, 25, 31, 0
616, 308, 0, 71, 41, 0
618, 309, 0, 26, 33, 0
620, 310, 0, 32, 35, 0
622, 311, 0, 33, 33, 0
624, 312, 0, 32, 34, 0
626, 313, 0, 43, 32, 0
628, 314, 0, 55, 42, 0
630, 315, 0, 59, 29, 0
632, 316, 0, 42, 33, 0
634, 317, 0, 110, 33, 0
636, 318, 0, 47, 31, 0
638, 319, 0, 44, 31, 0
640, 320, 0, 44, 40, 0
642, 321, 0, 42, 30, 0
644, 322, 0, 49, 28, 0
646, 323, 0, 40, 30, 0
648, 324, 0, 70, 31, 0
650, 325, 0, 42, 42, 0
652, 326, 0, 95, 29, 0
654, 327, 0, 37, 28, 0
656, 328, 0, 35, 32, 0
658, 329, 0, 34, 28, 0
660, 330, 0, 33, 26, 0
662, 331, 0, 40, 38, 1
664, 332, 0, 31, 28, 0
666, 333, 0, 35, 30, 1
668, 334, 0, 29, 30, 2
670, 335, 0, 76, 27, 0
672, 336, 0, 30, 27, 1
674, 337, 0, 26, 36, 1
676, 338, 0, 29, 30, 1
678, 339, 0, 24, 27, 1
680, 340, 0, 33, 27, 1
682, 341, 0, 30, 26, 1
684, 342, 0, 55, 27, 1
686, 343, 0, 31, 37, 1
688, 344, 0, 103, 25, 1
690, 345, 0, 35, 28, 1
692, 346, 0, 34, 30, 1
694, 347, 0, 54, 25, 1
696, 348, 0, 37, 26, 1
698, 349, 0, 41, 42, 1
700, 350, 0, 46, 24, 1
702, 351, 0, 72, 22, 1
704, 352, 0, 44, 25, 1
706, 353, 0, 43, 23, 2
708, 354, 0, 73, 32, 1
710, 355, 0, 41, 22, 1
712, 356, 0, 36, 24, 1
714, 357, 0, 39, 27, 1
716, 358, 0, 41, 24, 1
718, 359, 0, 36, 25, 1
720, 360, 0, 66, 34, 1
722, 361, 0, 35, 25, 1
724, 362, 0, 56, 22, 1
726, 363, 0, 35, 24, 1
728, 364, 0, 32, 9, 1
730, 365, 0, 36, 23, 1
732, 366, 0, 30, 30, 1
734, 367, 0, 39, 20, 1
736, 368, 0, 28, 21, 1
738, 369, 0, 28, 19, 1
740, 370, 0, 26, 23, 1
742, 371, 0, 47, 19, 1
744, 372, 0, 26, 27, 1
746, 373, 0, 26, 23, 1
748, 374, 0, 31, 28, 1
750, 375, 0, 24, 23, 1
752, 376, 0, 34, 24, 1
754, 377, 0, 32, 22, 1
756, 378, 0, 63, 32, 1
758, 379, 0, 38, 20, 1
760, 380, 0, 113, 20, 1
762, 381, 0, 40, 19, 1
764, 382, 0, 41, 20, 1
766, 383, 0, 43, 30, 1
768, 384, 0, 44, 18, 1
770, 385, 0, 48, 22, 1
772, 386, 0, 43, 24, 1
774, 387, 0, 71, 21, 1
776, 388, 0, 43, 20, 1
778, 389, 0, 40, 30, 1
780, 390, 0, 40, 19, 1
782, 391, 0, 42, 20, 1
784, 392, 0, 37, 17, 1
786, 393, 0, 36, 16, 0
788, 394, 0, 48, 17, 0
790, 395, 0, 34, 26, 0
792, 396, 0, 32, 15, 0
794, 397, 0, 32, 15, 0
796, 398, 0, 94, 18, 0
798, 399, 0, 33, 40, 0
800, 400, 0, 29, 16, 0
802, 401, 0, 31, 23, 0
804, 402, 0, 35, 15, 0
806, 403, 0, 41, 16, 0
808, 404, 0, 25, 16, 1
810, 405, 0, 24, 14, 0
812, 406, 0, 27, 15, 0
814, 407, 0, 27, 24, 0
816, 408, 0, 32, 21, 0
818, 409, 0, 33, 14, 0
820, 410, 0, 40, 17, 0
822, 411, 0, 34, 15, 0
824, 412, 0, 56, 21, 0
826, 413, 0, 51, 16, 0
828, 414, 0, 59, 14, 0
830, 415, 0, 42, 14, 0
832, 416, 0, 111, 14, 0
834, 417, 0, 47, 17, 0
836, 418, 0, 44, 25, 0
838, 419, 0, 50, 13, 0
840, 420, 0, 42, 16, 0
842, 421, 0, 50, 15, 0
844, 422, 0, 38, 14, 0
846, 423, 0, 45, 13, 0
848, 424, 0, 42, 20, 0
850, 425, 0, 51, 14, 0
852, 426, 0, 37, 14, 0
854, 427, 0, 58, 13, 0
856, 428, 0, 38, 14, 0
858, 429, 0, 33, 13, 0
860, 430, 0, 32, 11, 0
862, 431, 0, 31, 14, 0
864, 432, 0, 48, 12, 0
866, 433, 0, 29, 12, 0
868, 434, 0, 28, 9, 0
870, 435, 0, 31, 11, 0
872, 436, 0, 26, 25, 0
874, 437, 0, 27, 10, 0
876, 438, 0, 24, 11, 0
878, 439, 0, 31, 14, 0
880, 440, 0, 28, 12, 0
882, 441, 0, 24, 11, 0
884, 442, 0, 33, 21, 0
886, 443, 0, 32, 11, 0
888, 444, 0, 36, 12, 0
890, 445, 0, 37, 11, 0
892, 446, 0, 56, 10, 0
894, 447, 0, 40, 21, 0
896, 448, 0, 56, 11, 0
898, 449, 0, 44, 9, 0
900, 450, 0, 50, 9, 0
902, 451, 0, 44, 10, 0
904, 452, 0, 44, 7, 0
906, 453, 0, 47, 15, 0
908, 454, 0, 42, 12, 0
910, 455, 0, 43, 9, 0
912, 456, 0, 37, 9, 0
914, 457, 0, 58, 10, 0
916, 458, 0, 38, 11, 0
918, 459, 0, 46, 16, 0
920, 460, 0, 37, 10, 0
922, 461, 0, 92, 9, 0
924, 462, 0, 32, 2, 0
926, 463, 0, 32, 9, 0
928, 464, 0, 46, 9, 0
930, 465, 0, 31, 22, 0
932, 466, 0, 30, 6, 0
934, 467, 0, 30, 9, 0
936, 468, 0, 30, 6, 0
938, 469, 0, 32, 7, 0
940, 470, 0, 25, 7, 0
942, 471, 0, 37, 15, 0
944, 472, 0, 26, 9, 0
946, 473, 0, 31, 5, 0
948, 474, 0, 35, 9, 0
950, 475, 0, 34, 11, 0
952, 476, 0, 34, 14, 0
954, 477, 0, 33, 9, 0
956, 478, 0, 33, 7, 0
958, 479, 0, 55, 11, 0
960, 480, 0, 41, 7, 0
962, 481, 0, 44, 9, 0
964, 482, 0, 45, 10, 0
966, 483, 0, 53, 7, 0
968, 484, 0, 46, 6, 0
970, 485, 0, 44, 8, 0
972, 486, 0, 39, 8, 0
974, 487, 0, 41, 9, 0
976, 488, 0, 44, 16, 0
978, 489, 0, 41, 4, 0
980, 490, 0, 41, 4, 0
982, 491, 0, 41, 8, 0
984, 492, 1, 36, 8, 0
986, 493, 0, 35, 6, 0
988, 494, 0, 34, 19, 0
990, 495, 0, 33, 5, 0
992, 496, 0, 31, 7, 0
994, 497, 0, 30, 7, 0
996, 498, 0, 30, 4, 0
998, 499, 0, 29, 2, 0
1000, 500, 0, 31, 9, 0
1002, 501, 0, 30, 4, 0
1004, 502, 0, 26, 5, 0
1006, 503, 0, 25, 3, 0
1008, 504, 0, 24, 11, 0
1010, 505, 0, 25, 11, 0
1012, 506, 0, 28, 4, 0
1014, 507, 0, 30, 6, 0
1016, 508, 0, 33, 6, 0
1018, 509, 0, 48, 1, 0
1020, 510, 0, 33, 2, 0
1022, 511, 0, 55, 10, 0
1024, 512, 0, 41, 6, 0
1026, 513, 0, 39, 4, 0
1028, 514, 0, 49, 5, 0
1030, 515, 0, 46, 5, 0
1032, 516, 0, 61, 2, 0
1034, 517, 0, 45, 13, 0
1036, 518, 0, 73, 6, 0
1038, 519, 0, 49, 6, 0
1040, 520, 0, 41, 5, 0
1042, 521, 0, 38, 4, 0
1044, 522, 0, 39, 2, 0
1046, 523, 0, 38, 11, 0
1048, 524, 0, 38, 5, 0
1050, 525, 0, 35, 3, 0
1052, 526, 0, 35, 3, 0
1054, 527, 0, 34, 3, 0
1056, 528, 0, 43, 4, 0
1058, 529, 0, 32, 14, 0
1060, 530, 0, 31, 3, 0
1062, 531, 0, 35, 7, 0
1064, 532, 0, 29, 3, 1
1066, 533, 0, 27, 2, 0
1068, 534, 0, 34, 9, 0
1070, 535, 0, 26, 3, 0
1072, 536, 0, 28, 4, 0
1074, 537, 0, 33, 2, 0
1076, 538, 0, 29, 2, 0
1078, 539, 0, 28, 4, 1
1080, 540, 0, 33, 8, 0
1082, 541, 0, 33, 5, 0
1084, 542, 0, 32, 3, 0
1086, 543, 0, 33, 3, 0
1088, 544, 0, 52, 4, 0
1090, 545, 0, 45, 3, 0
1092, 546, 0, 39, 9, 1
1094, 547, 0, 41, 4, 0
1096, 548, 0, 46, 2, 0
1098, 549, 0, 45, 5, 1
1100, 550, 0, 44, 2, 1
1102, 551, 0, 41, 3, 1
1104, 552, 0, 44, 10, 1
1106, 553, 0, 66, 0, 1
1108, 554, 0, 46, 3, 1
1110, 555, 0, 40, 3, 1
1112, 556, 0, 43, 3, 1
1114, 557, 0, 36, 2, 1
1116, 558, 0, 58, 7, 1
1118, 559, 0, 42, 5, 0
1120, 560, 0, 34, 2, 1
1122, 561, 0, 33, 2, 1
1124, 562, 0, 32, 1, 1
1126, 563, 0, 37, 8, 1
1128, 564, 0, 32, 3, 1
1130, 565, 0, 42, 0, 1
1132, 566, 0, 32, 1, 1
1134, 567, 0, 28, 1, 1
1136, 568, 0, 32, 1, 1
1138, 569, 0, 25, 6, 1
1140, 570, 0, 24, 1, 1
1142, 571, 0, 27, 2, 1
1144, 572, 0, 28, 0, 1
1146, 573, 0, 31, 1, 1
1148, 574, 0, 34, 2, 1
1150, 575, 0, 38, 7, 1
1152, 576, 0, 33, 1, 1
1154, 577, 0, 50, 2, 1
1156, 578, 0, 39, 2, 1
1158, 579, 0, 39, 1, 1
1160, 580, 0, 39, 0, 1
1162, 581, 0, 49, 8, 1
1164, 582, 0, 41, 1, 1
1166, 583, 0, 49, 2, 1
1168, 584, 0, 42, 1, 1
1170, 585, 0, 39, 0, 1
1172, 586, 0, 41, 0, 1
1174, 587, 0, 52, 9, 1
1176, 588, 0, 37, 1, 1
1178, 589, 0, 52, 0, 1
1180, 590, 0, 36, 1, 1
1182, 591, 0, 35, 2, 1
1184, 592, 0, 35, 6, 1
1186, 593, 0, 33, 2, 1
1188, 594, 0, 39, 0, 1
1190, 595, 0, 32, 0, 1
1192, 596, 0, 33, 2, 1
1194, 597, 0, 30, 1, 1
1196, 598, 0, 29, 6, 0
1198, 599, 0, 35, 1, 1
1200, 600, 0, 36, 0, 1
1202, 601, 0, 38, 1, 1
1204, 602, 0, 25, 0, 1
1206, 603, 0, 45, 1, 1
1208, 604, 0, 26, 6, 1
1210, 605, 0, 27, 1, 1
1212, 606, 0, 32, 1, 1
1214, 607, 0, 31, 0, 1
1216, 608, 0, 32, 0, 1
1218, 609, 0, 33, 1, 1
1220, 610, 0, 34, 9, 1
1222, 611, 0, 25, 1, 1
1224, 612, 0, 39, 1, 1
1226, 613, 0, 53, 1, 1
1228, 614, 0, 46, 1, 1
1230, 615, 0, 44, 1, 1
1232, 616, 0, 44, 11, 1
1234, 617, 0, 41, 0, 1
1236, 618, 0, 46, 2, 1
1238, 619, 0, 42, 1, 1
1240, 620, 0, 38, 1, 1
1242, 621, 0, 40, 6, 1
1244, 622, 0, 41, 0, 1
1246, 623, 0, 36, 1, 1
1248, 624, 0, 76, 0, 1
1250, 625, 0, 41, 0, 1
1252, 626, 0, 35, 1, 1
1254, 627, 0, 49, 6, 1
1256, 628, 0, 32, 2, 1
1258, 629, 0, 49, 0, 1
1260, 630, 0, 36, 1, 1
1262, 631, 0, 32, 0, 1
1264, 632, 0, 34, 0, 1
1266, 633, 0, 30, 6, 1
1268, 634, 0, 26, 1, 1
1270, 635, 0, 25, 0, 1
1272, 636, 0, 24, 1, 1
1274, 637, 0, 28, 1, 1
1276, 638, 0, 87, 0, 1
1278, 639, 0, 32, 7, 1
1280, 640, 0, 29, 1, 1
1282, 641, 0, 38, 0, 1
1284, 642, 0, 34, 0, 1
1286, 643, 0, 37, 1, 1
1288, 644, 0, 54, 0, 1
1290, 645, 0, 38, 6, 0
1292, 646, 0, 51, 1, 1
1294, 647, 0, 42, 1, 1
1296, 648, 0, 49, 0, 1
1298, 649, 0, 47, 1, 1
1300, 650, 0, 88, 6, 1
1302, 651, 0, 41, 1, 1
1304, 652, 0, 42, 0, 0
1306, 653, 0, 39, 1, 1
1308, 654, 0, 39, 0, 1
1310, 655, 0, 45, 2, 1
1312, 656, 0, 37, 4, 1
1314, 657, 0, 34, 0, 1
1316, 658, 0, 32, 0, 1
1318, 659, 0, 34, 0, 1
1320, 660, 0, 41, 0, 1
1322, 661, 0, 32, 0, 1
1324, 662, 0, 46, 5, 1
1326, 663, 0, 32, 1, 1
1328, 664, 0, 30, 1, 1
1330, 665, 0, 36, 2, 1
1332, 666, 0, 34, 1, 1
1334, 667, 0, 26, 1, 1
1336, 668, 0, 25, 5, 1
1338, 669, 0, 38, 1, 1
1340, 670, 0, 26, 1, 1
1342, 671, 0, 32, 0, 1
1344, 672, 0, 24, 0, 1
1346, 673, 0, 33, 1, 1
1348, 674, 0, 34, 1, 1
1350, 675, 0, 33, 1, 1
1352, 676, 0, 33, 0, 1
1354, 677, 0, 56, 1, 1
1356, 678, 0, 39, 0, 1
1358, 679, 0, 40, 5, 1
1360, 680, 0, 43, 1, 1
1362, 681, 0, 45, 0, 1
1364, 682, 0, 46, 0, 1
1366, 683, 0, 39, 0, 1
1368, 684, 0, 41, 1, 1
1370, 685, 0, 51, 4, 1
1372, 686, 0, 40, 1, 1
1374, 687, 0, 40, 0, 0
1376, 688, 0, 43, 0, 1
1378, 689, 0, 35, 0, 1
1380, 690, 0, 37, 0, 1
1382, 691, 0, 34, 3, 1
1384, 692, 0, 50, 0, 1
1386, 693, 0, 31, 0, 1
1388, 694, 0, 33, 0, 1
1390, 695, 0, 29, 0, 1
1392, 696, 0, 34, 0, 1
1394, 697, 0, 30, 7, 1
1396, 698, 0, 28, 1, 1
1398, 699, 0, 33, 0, 1
1400, 700, 0, 27, 0, 1
1402, 701, 0, 25, 0, 1
1404, 702, 0, 60, 6, 1
1406, 703, 0, 25, 0, 1
1408, 704, 0, 32, 0, 1
1410, 705, 0, 31, 0, 1
1412, 706, 0, 31, 0, 1
1414, 707, 0, 33, 2, 1
1416, 708, 0, 36, 5, 1
1418, 709, 0, 33, 0, 1
1420, 710, 0, 42, 0, 1
1422, 711, 0, 38, 0, 1
1424, 712, 0, 41, 0, 1
1426, 713, 0, 71, 0, 1
1428, 714, 0, 46, 5, 1
1430, 715, 0, 43, 1, 1
1432, 716, 0, 39, 1, 1
1434, 717, 0, 42, 1, 1
1436, 718, 0, 41, 0, 1
1438, 719, 0, 39, 0, 1
1440, 720, 0, 40, 6, 1
1442, 721, 0, 48, 1, 1
1444, 722, 0, 37, 0, 1
1446, 723, 0, 36, 0, 1
1448, 724, 0, 34, 0, 1
1450, 725, 0, 41, 0, 1
1452, 726, 0, 32, 6, 1
1454, 727, 0, 31, 1, 1
1456, 728, 0, 31, 0, 1
1458, 729, 0, 30, 1, 1
1460, 730, 0, 28, 0, 1
1462, 731, 0, 28, 3, 1
1464, 732, 0, 28, 1, 1
1466, 733, 0, 26, 1, 1
1468, 734, 0, 26, 0, 1
1470, 735, 0, 25, 1, 1
1472, 736, 0, 26, 1, 1
1474, 737, 0, 28, 4, 1
1476, 738, 0, 27, 0, 1
1478, 739, 0, 31, 1, 1
1480, 740, 0, 34, 0, 1
1482, 741, 0, 71, 0, 1
1484, 742, 0, 35, 0, 1
1486, 743, 0, 49, 4, 1
1488, 744, 0, 46, 0, 1
1490, 745, 0, 43, 1, 1
1492, 746, 0, 43, 0, 1
1494, 747, 0, 49, 0, 1
1496, 748, 0, 57, 1, 1
1498, 749, 0, 40, 3, 1
1500, 750, 0, 39, 0, 1
1502, 751, 0, 47, 0, 1
1504, 752, 0, 40, 0, 1
1506, 753, 0, 55, 0, 1
1508, 754, 0, 38, 1, 1
1510, 755, 0, 37, 4, 1
1512, 756, 0, 44, 1, 1
1514, 757, 0, 34, 0, 1
1516, 758, 0, 32, 0, 1
1518, 759, 0, 33, 1, 1
1520, 760, 0, 32, 4, 1
1522, 761, 0, 38, 1, 1
1524, 762, 0, 85, 0, 1
1526, 763, 0, 40, 0, 1
1528, 764, 0, 28, 0, 1
1530, 765, 0, 36, 1, 1
1532, 766, 0, 27, 6, 1
1534, 767, 0, 26, 1, 1
1536, 768, 0, 25, 1, 1
1538, 769, 0, 25, 0, 1
1540, 770, 0, 33, 0, 1
1542, 771, 0, 34, 1, 1
1544, 772, 0, 32, 4, 2
1546, 773, 0, 33, 0, 1
1548, 774, 0, 34, 0, 2
1550, 775, 0, 34, 1, 1
1552, 776, 0, 48, 0, 1
1554, 777, 0, 36, 0, 2
1556, 778, 0, 46, 3, 1
1558, 779, 0, 41, 1, 2
1560, 780, 0, 41, 0, 2
1562, 781, 0, 38, 0, 2
1564, 782, 0, 42, 0, 2
1566, 783, 0, 43, 0, 0
1568, 784, 0, 39, 8, 2
1570, 785, 0, 39, 1, 1
1572, 786, 0, 39, 0, 2
1574, 787, 0, 47, 0, 1
1576, 788, 0, 77, 0, 1
1578, 789, 0, 36, 4, 2
1580, 790, 0, 37, 0, 1
1582, 791, 0, 35, 1, 1
1584, 792, 0, 33, 0, 1
1586, 793, 0, 32, 0, 1
1588, 794, 0, 31, 0, 1
1590, 795, 0, 30, 7, 1
1592, 796, 0, 28, 1, 1
1594, 797, 0, 70, 0, 1
1596, 798, 0, 32, 0, 1
1598, 799, 0, 26, 0, 1
1600, 800, 0, 36, 0, 1
1602, 801, 0, 24, 4, 2
1604, 802, 0, 29, 0, 2
1606, 803, 0, 27, 0, 1
1608, 804, 0, 27, 0, 1
1610, 805, 0, 32, 0, 1
1612, 806, 0, 32, 0, 1
1614, 807, 0, 47, 5, 1
1616, 808, 0, 34, 0, 1
1618, 809, 0, 66, 0, 1
1620, 810, 0, 37, 0, 1
1622, 811, 0, 43, 0, 1
1624, 812, 0, 46, 0, 1
1626, 813, 0, 42, 4, 1
1628, 814, 0, 47, 1, 1
1630, 815, 0, 40, 0, 1
1632, 816, 0, 42, 0, 1
1634, 817, 0, 41, 0, 1
1636, 818, 0, 61, 4, 1
1638, 819, 0, 39, 0, 1
1640, 820, 0, 41, 0, 0
1642, 821, 0, 47, 0, 1
1644, 822, 0, 39, 0, 1
1646, 823, 0, 37, 0, 1
1648, 824, 0, 34, 3, 1
1650, 825, 0, 33, 0, 1
1652, 826, 0, 32, 2, 1
1654, 827, 0, 33, 0, 1
1656, 828, 0, 30, 0, 1
1658, 829, 0, 30, 0, 1
1660, 830, 0, 28, 3, 1
1662, 831, 0, 30, 0, 1
1664, 832, 0, 26, 0, 1
1666, 833, 0, 25, 0, 1
1668, 834, 0, 24, 1, 1
1670, 835, 0, 39, 0, 1
1672, 836, 0, 28, 4, 1
1674, 837, 0, 29, 0, 1
1676, 838, 0, 35, 0, 1
1678, 839, 0, 32, 0, 1
1680, 840, 0, 33, 0, 1
1682, 841, 0, 35, 0, 1
1684, 842, 0, 36, 4, 1
1686, 843, 0, 38, 0, 1
1688, 844, 0, 43, 0, 1
1690, 845, 0, 43, 0, 1
1692, 846, 0, 46, 0, 1
1694, 847, 0, 43, 3, 1
1696, 848, 0, 42, 1, 1
1698, 849, 0, 39, 0, 1
1700, 850, 0, 41, 0, 1
1702, 851, 0, 41, 0, 1
1704, 852, 0, 44, 0, 1
1706, 853, 0, 43, 3, 1
1708, 854, 0, 42, 1, 1
1710, 855, 0, 36, 0, 1
1712, 856, 0, 37, 0, 1
1714, 857, 0, 34, 0, 1
1716, 858, 0, 42, 1, 1
1718, 859, 0, 32, 3, 1
1720, 860, 0, 31, 0, 1
1722, 861, 0, 29, 0, 1
1724, 862, 0, 29, 0, 1
1726, 863, 0, 27, 0, 1
1728, 864, 0, 27, 0, 1
1730, 865, 0, 26, 4, 1
1732, 866, 0, 26, 0, 1
1734, 867, 0, 24, 0, 1
1736, 868, 0, 33, 1, 1
1738, 869, 0, 29, 0, 1
1740, 870, 0, 47, 0, 1
1742, 871, 0, 33, 4, 1
1744, 872, 0, 55, 0, 1
1746, 873, 0, 42, 1, 1
1748, 874, 0, 89, 0, 1
1750, 875, 0, 35, 0, 1
1752, 876, 0, 38, 4, 1
1754, 877, 0, 39, 0, 1
1756, 878, 0, 46, 0, 1
1758, 879, 0, 44, 0, 1
1760, 880, 0, 44, 0, 1
1762, 881, 0, 67, 0, 1
1764, 882, 0, 51, 5, 1
1766, 883, 0, 41, 0, 1
1768, 884, 0, 45, 0, 1
1770, 885, 0, 39, 0, 1
1772, 886, 0, 38, 0, 1
1774, 887, 0, 37, 0, 1
1776, 888, 0, 40, 4, 1
1778, 889, 0, 40, 0, 1
1780, 890, 0, 31, 0, 1
1782, 891, 0, 39, 0, 1
1784, 892, 0, 34, 0, 1
1786, 893, 0, 31, 0, 1
1788, 894, 0, 33, 4, 1
1790, 895, 0, 28, 0, 1
1792, 896, 0, 28, 0, 1
1794, 897, 0, 28, 0, 1
1796, 898, 0, 33, 0, 1
1798, 899, 0, 25, 0, 1
1800, 900, 0, 24, 4, 1
1802, 901, 0, 27, 0, 1
1804, 902, 0, 33, 0, 1
1806, 903, 0, 30, 1, 1
1808, 904, 0, 33, 0, 1
1810, 905, 0, 34, 3, 1
1812, 906, 0, 32, 0, 1
1814, 907, 0, 39, 0, 1
1816, 908, 0, 50, 0, 1
1818, 909, 0, 55, 0, 1
1820, 910, 0, 41, 0, 1
1822, 911, 0, 44, 3, 1
1824, 912, 0, 49, 0, 1
1826, 913, 0, 43, 0, 1
1828, 914, 0, 38, 0, 1
1830, 915, 0, 41, 0, 1
1832, 916, 0, 41, 0, 1
1834, 917, 0, 39, 3, 1
1836, 918, 0, 75, 0, 1
1838, 919, 0, 42, 0, 1
1840, 920, 0, 36, 0, 1
1842, 921, 0, 35, 0, 1
1844, 922, 0, 34, 1, 1
1846, 923, 0, 30, 4, 1
1848, 924, 0, 32, 0, 1
1850, 925, 0, 30, 0, 1
1852, 926, 0, 29, 0, 1
1854, 927, 0, 29, 0, 1
1856, 928, 0, 30, 0, 1
1858, 929, 0, 28, 4, 1
1860, 930, 0, 34, 1, 1
1862, 931, 0, 27, 0, 1
1864, 932, 0, 25, 0, 1
1866, 933, 0, 24, 0, 1
1868, 934, 0, 26, 3, 1
1870, 935, 0, 28, 0, 1
1872, 936, 0, 24, 0, 1
1874, 937, 0, 29, 0, 1
1876, 938, 0, 34, 0, 1
1878, 939, 0, 36, 0, 1
1880, 940, 0, 35, 3, 1
1882, 941, 0, 42, 0, 1
1884, 942, 0, 40, 0, 1
1886, 943, 0, 40, 0, 1
1888, 944, 0, 77, 0, 1
1890, 945, 0, 48, 0, 1
1892, 946, 0, 44, 3, 1
1894, 947, 0, 41, 0, 1
1896, 948, 0, 44, 0, 1
1898, 949, 0, 65, 0, 1
1900, 950, 0, 40, 0, 1
1902, 951, 0, 42, 0, 1
1904, 952, 0, 40, 4, 1
1906, 953, 0, 37, 0, 1
1908, 954, 0, 36, 0, 1
1910, 955, 0, 35, 0, 1
1912, 956, 0, 34, 0, 1
1914, 957, 0, 39, 0, 1
1916, 958, 0, 33, 0, 1
1918, 959, 0, 29, 0, 1
1920, 960, 0, 70, 0, 1
1922, 961, 0, 28, 0, 1
1924, 962, 0, 30, 0, 1
1926, 963, 0, 40, 4, 1
1928, 964, 0, 26, 0, 1
1930, 965, 0, 26, 0, 1
1932, 966, 0, 24, 0, 1
1934, 967, 0, 46, 0, 1
1936, 968, 0, 31, 0, 1
1938, 969, 0, 46, 3, 1
1940, 970, 0, 33, 0, 1
1942, 971, 0, 40, 0, 1
1944, 972, 0, 34, 0, 1
1946, 973, 0, 41, 0, 1
1948, 974, 0, 24, 0, 1
1950, 975, 0, 38, 4, 1
1952, 976, 0, 59, 0, 1
1954, 977, 0, 46, 0, 1
1956, 978, 0, 44, 0, 1
1958, 979, 0, 44, 0, 1
1960, 980, 0, 45, 0, 1
1962, 981, 0, 39, 4, 1
1964, 982, 0, 40, 0, 1
1966, 983, 0, 40, 0, 1
1968, 984, 0, 39, 0, 1
1970, 985, 0, 42, 0, 1
1972, 986, 0, 82, 3, 1
1974, 987, 0, 40, 0, 1
1976, 988, 0, 34, 0, 1
1978, 989, 0, 40, 0, 1
1980, 990, 0, 33, 0, 1
1982, 991, 0, 32, 0, 1
1984, 992, 0, 32, 3, 1
1986, 993, 0, 30, 0, 1
1988, 994, 0, 70, 0, 1
1990, 995, 0, 28, 0, 1
1992, 996, 0, 28, 0, 1
1994, 997, 0, 39, 0, 1
1996, 998, 0, 25, 3, 1
1998, 999, 0, 52, 0, 1
2000, 1000, 0, 27, 0, 1
2002, 1001, 0, 63, 0, 1
2004, 1002, 0, 26, 0, 1
2006, 1003, 0, 80, 0, 1
2008, 1004, 0, 32, 3, 1
2010, 1005, 0, 33, 0, 1
2012, 1006, 0, 37, 0, 1
2014, 1007, 0, 51, 0, 1
2016, 1008, 0, 41, 0, 1
2018, 1009, 0, 40, 0, 1
2020, 1010, 0, 46, 3, 1
2022, 1011, 0, 55, 0, 1
2024, 1012, 0, 54, 0, 1
2026, 1013, 0, 39, 0, 1
2028, 1014, 0, 46, 0, 1
2030, 1015, 0, 57, 3, 1
2032, 1016, 0, 40, 0, 1
2034, 1017, 0, 37, 0, 1
2036, 1018, 0, 47, 0, 1
2038, 1019, 0, 44, 0, 1
2040, 1020, 0, 33, 0, 1
2042, 1021, 0, 34, 3, 1
2044, 1022, 0, 33, 0, 1
2046, 1023, 0, 33, 0, 1
2048, 1024, 0, 33, 0, 1
2050, 1025, 0, 31, 0, 1
2052, 1026, 0, 31, 0, 1
2054, 1027, 0, 30, 3, 1
2056, 1028, 0, 28, 0, 1
2058, 1029, 0, 31, 0, 1
2060, 1030, 0, 26, 0, 1
2062, 1031, 0, 25, 0, 1
2064, 1032, 0, 24, 0, 1
2066, 1033, 0, 27, 3, 1
2068, 1034, 0, 28, 0, 1
2070, 1035, 0, 28, 0, 1
2072, 1036, 0, 31, 0, 1
2074, 1037, 0, 33, 0, 1
2076, 1038, 0, 34, 0, 1
2078, 1039, 0, 37, 2, 1
2080, 1040, 0, 24, 0, 1
2082, 1041, 0, 46, 0, 1
2084, 1042, 0, 39, 0, 1
2086, 1043, 0, 53, 0, 1
2088, 1044, 0, 45, 3, 1
2090, 1045, 0, 50, 0, 1
2092, 1046, 0, 42, 0, 1
2094, 1047, 0, 59, 0, 1
2096, 1048, 0, 49, 0, 1
2098, 1049, 0, 38, 0, 1
2100, 1050, 0, 39, 4, 1
2102, 1051, 0, 41, 0, 1
2104, 1052, 0, 44, 0, 1
2106, 1053, 0, 36, 0, 1
2108, 1054, 0, 35, 0, 1
2110, 1055, 0, 34, 0, 1
2112, 1056, 0, 33, 4, 1
2114, 1057, 0, 36, 0, 1
2116, 1058, 0, 49, 0, 1
2118, 1059, 0, 30, 0, 1
2120, 1060, 0, 29, 0, 1
2122, 1061, 0, 30, 0, 1
2124, 1062, 0, 27, 5, 1
2126, 1063, 0, 42, 0, 1
2128, 1064, 0, 25, 0, 1
2130, 1065, 0, 25, 0, 1
2132, 1066, 0, 29, 0, 1
2134, 1067, 0, 35, 0, 1
2136, 1068, 0, 26, 3, 1
2138, 1069, 0, 33, 0, 1
2140, 1070, 0, 45, 0, 1
2142, 1071, 0, 32, 0, 1
2144, 1072, 0, 53, 0, 1
2146, 1073, 0, 36, 2, 1
2148, 1074, 0, 51, 0, 1
2150, 1075, 0, 48, 0, 1
2152, 1076, 0, 61, 0, 1
2154, 1077, 0, 44, 0, 1
2156, 1078, 0, 54, 0, 1
2158, 1079, 0, 40, 2, 1
2160, 1080, 0, 40, 0, 1
2162, 1081, 0, 40, 0, 1
2164, 1082, 0, 43, 0, 1
2166, 1083, 0, 36, 0, 1
2168, 1084, 0, 39, 0, 1
2170, 1085, 0, 34, 3, 1
2172, 1086, 0, 36, 0, 1
2174, 1087, 0, 36, 0, 1
2176, 1088, 0, 32, 0, 1
2178, 1089, 0, 33, 0, 1
2180, 1090, 0, 30, 0, 1
2182, 1091, 0, 31, 4, 1
2184, 1092, 0, 30, 0, 1
2186, 1093, 0, 27, 0, 1
2188, 1094, 0, 72, 0, 1
2190, 1095, 0, 29, 0, 1
2192, 1096, 0, 26, 0, 1
2194, 1097, 0, 26, 4, 1
2196, 1098, 0, 24, 0, 1
2198, 1099, 0, 27, 0, 1
2200, 1100, 0, 29, 0, 1
2202, 1101, 0, 29, 0, 1
2204, 1102, 0, 31, 3, 1
2206, 1103, 0, 38, 0, 1
2208, 1104, 0, 33, 0, 1
2210, 1105, 0, 35, 0, 1
2212, 1106, 0, 36, 0, 1
2214, 1107, 0, 39, 0, 1
2216, 1108, 0, 42, 2, 1
2218, 1109, 0, 42, 0, 1
2220, 1110, 0, 44, 0, 1
2222, 1111, 0, 41, 0, 1
2224, 1112, 0, 39, 0, 1
2226, 1113, 0, 44, 0, 1
2228, 1114, 0, 41, 3, 1
2230, 1115, 0, 42, 0, 1
2232, 1116, 0, 39, 0, 1
2234, 1117, 0, 37, 0, 1
2236, 1118, 0, 46, 0, 1
2238, 1119, 0, 87, 0, 1
2240, 1120, 0, 48, 3, 1
2242, 1121, 0, 34, 0, 1
2244, 1122, 0, 34, 0, 1
2246, 1123, 0, 32, 0, 1
2248, 1124, 0, 32, 0, 1
2250, 1125, 0, 30, 0, 1
2252, 1126, 0, 33, 3, 1
2254, 1127, 0, 41, 0, 1
2256, 1128, 0, 52, 0, 1
2258, 1129, 0, 34, 0, 1
2260, 1130, 0, 31, 0, 1
2262, 1131, 0, 24, 3, 1
2264, 1132, 0, 25, 0, 1
2266, 1133, 0, 52, 0, 1
2268, 1134, 0, 40, 0, 1
2270, 1135, 0, 31, 0, 1
2272, 1136, 0, 33, 0, 1
2274, 1137, 0, 33, 4, 1
2276, 1138, 0, 46, 0, 1
2278, 1139, 0, 56, 0, 1
2280, 1140, 0, 64, 0, 1
2282, 1141, 0, 52, 0, 1
2284, 1142, 0, 46, 0, 1
2286, 1143, 0, 46, 4, 1
2288, 1144, 0, 47, 0, 1
2290, 1145, 0, 43, 0, 1
2292, 1146, 0, 42, 0, 1
2294, 1147, 0, 41, 0, 1
2296, 1148, 0, 40, 0, 1
2298, 1149, 0, 41, 3, 1
2300, 1150, 0, 47, 0, 1
2302, 1151, 0, 37, 0, 1
2304, 1152, 0, 36, 0, 1
2306, 1153, 0, 36, 0, 1
2308, 1154, 0, 34, 0, 1
2310, 1155, 0, 35, 0, 1
2312, 1156, 0, 32, 0, 1
2314, 1157, 0, 30, 0, 1
2316, 1158, 0, 32, 0, 1
2318, 1159, 0, 31, 0, 1
2320, 1160, 0, 51, 3, 1
2322, 1161, 0, 33, 0, 1
2324, 1162, 0, 28, 0, 1
2326, 1163, 0, 25, 0, 1
2328, 1164, 0, 25, 0, 1
2330, 1165, 0, 30, 0, 1
2332, 1166, 0, 35, 3, 1
2334, 1167, 0, 36, 0, 1
2336, 1168, 0, 32, 0, 1
2338, 1169, 0, 33, 0, 1
2340, 1170, 0, 33, 0, 1
2342, 1171, 0, 61, 0, 1
2344, 1172, 0, 24, 2, 1
2346, 1173, 0, 39, 0, 1
2348, 1174, 0, 44, 0, 1
2350, 1175, 0, 45, 0, 1
2352, 1176, 0, 44, 0, 1
2354, 1177, 0, 45, 0, 1
2356, 1178, 0, 45, 2, 1
2358, 1179, 0, 41, 0, 1
2360, 1180, 0, 50, 0, 1
2362, 1181, 0, 40, 0, 1
2364, 1182, 0, 39, 0, 1
2366, 1183, 0, 75, 3, 1
2368, 1184, 0, 38, 0, 1
2370, 1185, 0, 38, 0, 1
2372, 1186, 0, 41, 0, 1
2374, 1187, 0, 35, 0, 1
2376, 1188, 0, 41, 0, 1
2378, 1189, 0, 31, 3, 1
2380, 1190, 0, 31, 0, 1
2382, 1191, 0, 29, 0, 1
2384, 1192, 0, 28, 0, 1
2386, 1193, 0, 28, 0, 1
2388, 1194, 0, 31, 0, 1
2390, 1195, 0, 26, 3, 1
2392, 1196, 0, 25, 0, 1
2394, 1197, 0, 31, 0, 1
2396, 1198, 0, 43, 0, 1
2398, 1199, 0, 30, 0, 1
2400, 1200, 0, 27, 0, 1
2402, 1201, 0, 31, 2, 1
2404, 1202, 0, 67, 0, 1
2406, 1203, 0, 35, 0, 1
2408, 1204, 0, 44, 0, 1
2410, 1205, 0, 32, 0, 1
2412, 1206, 0, 39, 0, 1
2414, 1207, 0, 40, 3, 1
2416, 1208, 0, 51, 0, 1
2418, 1209, 0, 44, 0, 1
2420, 1210, 0, 62, 0, 1
2422, 1211, 0, 43, 0, 1
2424, 1212, 0, 46, 3, 1
2426, 1213, 0, 40, 0, 1
2428, 1214, 0, 41, 0, 1
2430, 1215, 0, 39, 0, 1
2432, 1216, 0, 39, 0, 1
2434, 1217, 0, 38, 0, 1
2436, 1218, 0, 34, 3, 1
2438, 1219, 0, 53, 0, 1
2440, 1220, 0, 36, 0, 1
2442, 1221, 0, 33, 0, 1
2444, 1222, 0, 32, 0, 1
2446, 1223, 0, 52, 0, 1
2448, 1224, 0, 30, 3, 1
2450, 1225, 0, 32, 0, 1
2452, 1226, 0, 30, 0, 1
2454, 1227, 0, 40, 0, 1
2456, 1228, 0, 26, 0, 1
2458, 1229, 0, 25, 0, 1
2460, 1230, 0, 47, 5, 1
2462, 1231, 0, 32, 0, 1
2464, 1232, 0, 28, 0, 1
2466, 1233, 0, 32, 0, 1
2468, 1234, 0, 30, 0, 1
2470, 1235, 0, 32, 0, 1
2472, 1236, 0, 53, 2, 1
2474, 1237, 0, 34, 0, 1
2476, 1238, 0, 28, 0, 1
2478, 1239, 0, 35, 0, 1
2480, 1240, 0, 40, 0, 1
2482, 1241, 0, 43, 0, 1
2484, 1242, 0, 45, 2, 1
2486, 1243, 0, 59, 0, 1
2488, 1244, 0, 39, 0, 1
2490, 1245, 0, 85, 0, 1
2492, 1246, 0, 59, 0, 1
2494, 1247, 0, 46, 0, 1
2496, 1248, 0, 35, 2, 1
2498, 1249, 0, 31, 0, 1
2500, 1250, 0, 56, 0, 1
2502, 1251, 0, 35, 0, 1
2504, 1252, 0, 35, 0, 1
2506, 1253, 0, 38, 3, 1
2508, 1254, 0, 32, 0, 1
2510, 1255, 0, 32, 0, 1
2512, 1256, 0, 31, 0, 1
2514, 1257, 0, 30, 0, 1
2516, 1258, 0, 28, 0, 1
2518, 1259, 0, 28, 2, 1
2520, 1260, 0, 42, 0, 1
2522, 1261, 0, 26, 0, 1
2524, 1262, 0, 25, 0, 1
2526, 1263, 0, 26, 0, 1
2528, 1264, 0, 26, 0, 1
2530, 1265, 0, 30, 2, 1
2532, 1266, 0, 29, 0, 1
2534, 1267, 0, 32, 0, 1
2536, 1268, 0, 40, 0, 1
2538, 1269, 0, 36, 0, 1
2540, 1270, 0, 58, 0, 1
2542, 1271, 0, 39, 4, 1
2544, 1272, 0, 34, 0, 1
2546, 1273, 0, 47, 0, 1
2548, 1274, 0, 50, 0, 1
2550, 1275, 0, 46, 0, 1
2552, 1276, 0, 44, 0, 1
2554, 1277, 0, 44, 3, 1
2556, 1278, 0, 55, 0, 1
2558, 1279, 0, 45, 0, 1
2560, 1280, 0, 42, 0, 1
2562, 1281, 0, 36, 0, 1
2564, 1282, 0, 46, 3, 1
2566, 1283, 0, 37, 0, 1
2568, 1284, 0, 56, 0, 1
2570, 1285, 0, 42, 0, 1
2572, 1286, 0, 34, 0, 1
2574, 1287, 0, 40, 0, 1
2576, 1288, 0, 32, 3, 1
2578, 1289, 0, 31, 0, 1
2580, 1290, 0, 58, 0, 1
2582, 1291, 0, 30, 0, 1
2584, 1292, 0, 28, 0, 1
2586, 1293, 0, 36, 0, 1
2588, 1294, 0, 27, 2, 1
2590, 1295, 0, 25, 0, 1
2592, 1296, 0, 24, 0, 1
2594, 1297, 0, 30, 0, 1
2596, 1298, 0, 42, 0, 1
2598, 1299, 0, 29, 0, 1
2600, 1300, 0, 33, 2, 1
2602, 1301, 0, 34, 0, 1
2604, 1302, 0, 61, 0, 1
2606, 1303, 0, 34, 0, 1
2608, 1304, 0, 36, 0, 1
2610, 1305, 0, 46, 0, 1
2612, 1306, 0, 44, 4, 1
2614, 1307, 0, 43, 0, 1
2616, 1308, 0, 41, 0, 1
2618, 1309, 0, 57, 0, 1
2620, 1310, 0, 43, 0, 1
2622, 1311, 0, 41, 2, 1
2624, 1312, 0, 41, 0, 1
2626, 1313, 0, 36, 0, 1
2628, 1314, 0, 35, 0, 1
2630, 1315, 0, 46, 0, 1
2632, 1316, 0, 35, 0, 1
2634, 1317, 0, 32, 3, 1
2636, 1318, 0, 35, 0, 1
2638, 1319, 0, 31, 0, 1
2640, 1320, 0, 32, 0, 1
2642, 1321, 0, 31, 0, 1
2644, 1322, 0, 31, 0, 1
2646, 1323, 0, 40, 2, 1
2648, 1324, 0, 29, 0, 1
2650, 1325, 0, 29, 0, 1
2652, 1326, 0, 31, 0, 1
2654, 1327, 0, 37, 0, 1
2656, 1328, 0, 27, 0, 1
2658, 1329, 0, 31, 3, 1
2660, 1330, 0, 27, 0, 1
2662, 1331, 0, 26, 0, 1
2664, 1332, 0, 39, 0, 1
2666, 1333, 0, 32, 0, 1
2668, 1334, 0, 571, 3, 1
2670, 1335, 0, 60, 0, 1
2672, 1336, 0, 35, 0, 1
2674, 1337, 0, 34, 0, 1
2676, 1338, 0, 40, 0, 1
2678, 1339, 0, 40, 0, 1
2680, 1340, 0, 46, 2, 1
2682, 1341, 0, 54, 0, 1
2684, 1342, 0, 47, 0, 1
2686, 1343, 0, 40, 0, 1
2688, 1344, 0, 58, 0, 1
2690, 1345, 0, 40, 0, 1
2692, 1346, 0, 43, 2, 1
2694, 1347, 0, 38, 0, 1
2696, 1348, 0, 43, 0, 1
2698, 1349, 0, 37, 0, 1
2700, 1350, 0, 40, 0, 1
2702, 1351, 0, 30, 0, 1
2704, 1352, 0, 35, 2, 1
2706, 1353, 0, 70, 0, 1
2708, 1354, 0, 32, 0, 1
2710, 1355, 0, 31, 0, 1
2712, 1356, 0, 47, 0, 1
2714, 1357, 0, 73, 0, 1
2716, 1358, 0, 29, 2, 1
2718, 1359, 0, 29, 0, 1
2720, 1360, 0, 43, 0, 1
2722, 1361, 0, 25, 0, 1
2724, 1362, 0, 24, 0, 1
2726, 1363, 0, 61, 3, 1
2728, 1364, 0, 29, 0, 1
2730, 1365, 0, 29, 0, 1
2732, 1366, 0, 44, 0, 1
2734, 1367, 0, 32, 0, 1
2736, 1368, 0, 34, 0, 1
2738, 1369, 0, 33, 2, 1
2740, 1370, 0, 39, 0, 1
2742, 1371, 0, 46, 0, 1
2744, 1372, 0, 54, 0, 1
2746, 1373, 0, 43, 0, 1
2748, 1374, 0, 47, 0, 1
2750, 1375, 0, 43, 1, 1
2752, 1376, 0, 51, 0, 1
2754, 1377, 0, 40, 0, 1
2756, 1378, 0, 39, 0, 1
2758, 1379, 0, 50, 0, 1
2760, 1380, 0, 39, 0, 1
2762, 1381, 0, 52, 2, 1
2764, 1382, 0, 34, 0, 1
2766, 1383, 0, 36, 0, 1
2768, 1384, 0, 67, 0, 1
2770, 1385, 0, 32, 0, 1
2772, 1386, 0, 30, 0, 1
2774, 1387, 0, 32, 2, 1
2776, 1388, 0, 30, 0, 1
2778, 1389, 0, 52, 0, 1
2780, 1390, 0, 34, 0, 1
2782, 1391, 0, 28, 0, 1
2784, 1392, 0, 31, 3, 1
2786, 1393, 0, 26, 0, 1
2788, 1394, 0, 25, 0, 1
2790, 1395, 0, 24, 0, 1
2792, 1396, 0, 30, 0, 1
2794, 1397, 0, 33, 0, 1
2796, 1398, 0, 27, 3, 1
2798, 1399, 0, 32, 0, 1
2800, 1400, 0, 32, 0, 1
2802, 1401, 0, 33, 0, 1
2804, 1402, 0, 53, 0, 1
2806, 1403, 0, 52, 0, 1
2808, 1404, 0, 38, 2, 1
2810, 1405, 0, 41, 0, 1
2812, 1406, 0, 42, 0, 1
2814, 1407, 0, 44, 0, 1
2816, 1408, 0, 40, 0, 1
2818, 1409, 0, 44, 0, 1
2820, 1410, 0, 42, 2, 1
2822, 1411, 0, 57, 0, 1
2824, 1412, 0, 42, 0, 1
2826, 1413, 0, 39, 0, 1
2828, 1414, 0, 63, 0, 1
2830, 1415, 0, 34, 0, 1
2832, 1416, 0, 67, 2, 1
2834, 1417, 0, 34, 0, 1
2836, 1418, 0, 33, 0, 1
2838, 1419, 0, 34, 0, 1
2840, 1420, 0, 31, 0, 1
2842, 1421, 0, 36, 2, 1
2844, 1422, 0, 30, 0, 1
2846, 1423, 0, 29, 0, 1
2848, 1424, 0, 48, 0, 1
2850, 1425, 0, 52, 0, 1
2852, 1426, 0, 35, 0, 1
2854, 1427, 0, 29, 2, 1
2856, 1428, 0, 24, 0, 1
2858, 1429, 0, 26, 0, 1
2860, 1430, 0, 27, 0, 1
2862, 1431, 0, 28, 0, 1
2864, 1432, 0, 34, 0, 1
2866, 1433, 0, 32, 1, 1
2868, 1434, 0, 34, 0, 1
2870, 1435, 0, 35, 0, 1
2872, 1436, 0, 51, 0, 1
2874, 1437, 0, 38, 0, 1
2876, 1438, 0, 42, 0, 1
2878, 1439, 0, 44, 2, 1
2880, 1440, 0, 43, 0, 1
2882, 1441, 0, 42, 0, 1
2884, 1442, 0, 39, 0, 1
2886, 1443, 0, 42, 0, 1
2888, 1444, 0, 51, 0, 1
2890, 1445, 0, 38, 2, 1
2892, 1446, 0, 42, 0, 1
2894, 1447, 0, 77, 0, 1
2896, 1448, 0, 34, 0, 1
2898, 1449, 0, 36, 0, 1
2900, 1450, 0, 34, 2, 1
2902, 1451, 0, 34, 0, 1
2904, 1452, 0, 33, 0, 1
2906, 1453, 0, 31, 0, 1
2908, 1454, 0, 31, 0, 1
2910, 1455, 0, 35, 0, 1
2912, 1456, 0, 32, 2, 1
2914, 1457, 0, 28, 0, 1
2916, 1458, 0, 51, 0, 1
2918, 1459, 0, 29, 0, 1
2920, 1460, 0, 25, 0, 1
2922, 1461, 0, 25, 0, 1
2924, 1462, 0, 25, 2, 1
2926, 1463, 0, 29, 0, 1
2928, 1464, 0, 31, 0, 1
2930, 1465, 0, 31, 0, 1
2932, 1466, 0, 34, 0, 1
2934, 1467, 0, 31, 0, 1
2936, 1468, 0, 35, 2, 1
2938, 1469, 0, 38, 0, 1
2940, 1470, 0, 39, 0, 1
2942, 1471, 0, 40, 0, 1
2944, 1472, 0, 60, 0, 1
2946, 1473, 0, 41, 0, 1
2948, 1474, 0, 41, 2, 1
2950, 1475, 0, 59, 0, 1
2952, 1476, 0, 38, 0, 1
2954, 1477, 0, 39, 0, 1
2956, 1478, 0, 39, 0, 1
2958, 1479, 0, 37, 3, 1
2960, 1480, 0, 48, 0, 1
2962, 1481, 0, 50, 0, 1
2964, 1482, 0, 34, 0, 1
2966, 1483, 0, 81, 0, 1
2968, 1484, 0, 34, 0, 1
2970, 1485, 0, 33, 4, 1
2972, 1486, 0, 31, 0, 1
2974, 1487, 0, 31, 0, 1
2976, 1488, 0, 30, 0, 1
2978, 1489, 0, 29, 0, 1
2980, 1490, 0, 29, 0, 1
2982, 1491, 0, 26, 1, 1
2984, 1492, 0, 43, 0, 1
2986, 1493, 0, 25, 0, 1
2988, 1494, 0, 24, 0, 1
2990, 1495, 0, 29, 0, 1
2992, 1496, 0, 30, 0, 1
2994, 1497, 0, 30, 2, 1
2996, 1498, 0, 33, 0, 1
2998, 1499, 0, 62, 0, 1
3000, 1500, 0, 33, 0, 1
3002, 1501, 0, 62, 0, 1
3004, 1502, 0, 50, 0, 1
3006, 1503, 0, 38, 0, 1
3008, 1504, 0, 51, 0, 1
3010, 1505, 0, 49, 0, 1
3012, 1506, 0, 45, 0, 1
3014, 1507, 0, 40, 0, 1
3016, 1508, 0, 43, 2, 1
3018, 1509, 0, 47, 0, 1
3020, 1510, 0, 40, 0, 1
3022, 1511, 0, 41, 0, 1
3024, 1512, 0, 38, 0, 1
3026, 1513, 0, 37, 0, 1
3028, 1514, 0, 33, 1, 1
3030, 1515, 0, 32, 0, 1
3032, 1516, 0, 33, 0, 1
3034, 1517, 0, 49, 0, 1
3036, 1518, 0, 65, 0, 1
3038, 1519, 0, 32, 0, 1
3040, 1520, 0, 31, 2, 1
3042, 1521, 0, 28, 0, 1
3044, 1522, 0, 29, 0, 1
3046, 1523, 0, 28, 0, 1
3048, 1524, 0, 36, 0, 1
3050, 1525, 0, 31, 0, 1
3052, 1526, 0, 25, 2, 1
3054, 1527, 0, 27, 0, 1
3056, 1528, 0, 25, 0, 1
3058, 1529, 0, 30, 0, 1
3060, 1530, 0, 29, 0, 1
3062, 1531, 0, 65, 1, 1
3064, 1532, 0, 33, 0, 1
3066, 1533, 0, 32, 0, 1
3068, 1534, 0, 38, 0, 1
3070, 1535, 0, 36, 0, 1
3072, 1536, 0, 39, 0, 1
3074, 1537, 0, 43, 2, 1
3076, 1538, 0, 46, 0, 1
3078, 1539, 0, 44, 0, 1
3080, 1540, 0, 46, 0, 1
3082, 1541, 0, 42, 0, 1
3084, 1542, 0, 42, 0, 1
3086, 1543, 0, 40, 1, 2
3088, 1544, 0, 38, 0, 2
3090, 1545, 0, 41, 0, 2
3092, 1546, 0, 56, 0, 1
3094, 1547, 0, 36, 0, 1
3096, 1548, 0, 36, 0, 1
3098, 1549, 0, 35, 2, 1
3100, 1550, 0, 46, 0, 1
3102, 1551, 0, 33, 0, 2
3104, 1552, 0, 36, 0, 1
3106, 1553, 0, 41, 0, 1
3108, 1554, 0, 28, 0, 2
3110, 1555, 0, 47, 2, 2
3112, 1556, 0, 35, 0, 2
3114, 1557, 0, 31, 0, 1
3116, 1558, 0, 26, 0, 2
3118, 1559, 0, 30, 0, 1
3120, 1560, 0, 28, 2, 1
3122, 1561, 0, 24, 0, 2
3124, 1562, 0, 27, 0, 1
3126, 1563, 0, 27, 0, 1
3128, 1564, 0, 34, 0, 1
3130, 1565, 0, 82, 0, 1
3132, 1566, 0, 37, 2, 1
3134, 1567, 0, 35, 0, 1
3136, 1568, 0, 40, 0, 1
3138, 1569, 0, 36, 0, 1
3140, 1570, 0, 41, 0, 1
3142, 1571, 0, 43, 0, 2
3144, 1572, 0, 44, 3, 1
3146, 1573, 0, 45, 0, 1
3148, 1574, 0, 40, 0, 2
3150, 1575, 0, 41, 0, 1
3152, 1576, 0, 42, 0, 1
3154, 1577, 0, 38, 0, 1
3156, 1578, 0, 39, 2, 1
3158, 1579, 0, 39, 0, 1
3160, 1580, 0, 35, 0, 1
3162, 1581, 0, 34, 0, 2
3164, 1582, 0, 35, 0, 1
3166, 1583, 0, 36, 0, 1
3168, 1584, 0, 32, 2, 1
3170, 1585, 0, 69, 0, 1
3172, 1586, 0, 36, 0, 1
3174, 1587, 0, 31, 0, 1
3176, 1588, 0, 29, 0, 1
3178, 1589, 0, 38, 1, 1
3180, 1590, 0, 30, 0, 1
3182, 1591, 0, 26, 0, 1
3184, 1592, 0, 25, 0, 1
3186, 1593, 0, 24, 0, 1
3188, 1594, 0, 29, 0, 1
3190, 1595, 0, 29, 1, 1
3192, 1596, 0, 28, 0, 1
3194, 1597, 0, 30, 0, 1
3196, 1598, 0, 33, 0, 2
3198, 1599, 0, 58, 0, 1
3200, 1600, 0, 39, 0, 1
3202, 1601, 0, 59, 1, 1
3204, 1602, 0, 38, 0, 1
3206, 1603, 0, 46, 0, 1
3208, 1604, 0, 46, 0, 1
3210, 1605, 0, 45, 0, 2
3212, 1606, 0, 43, 0, 1
3214, 1607, 0, 43, 2, 2
3216, 1608, 0, 42, 0, 2
3218, 1609, 0, 38, 0, 1
3220, 1610, 0, 39, 0, 2
3222, 1611, 0, 35, 0, 1
3224, 1612, 0, 45, 0, 1
3226, 1613, 0, 41, 2, 1
3228, 1614, 0, 36, 0, 1
3230, 1615, 0, 34, 0, 1
3232, 1616, 0, 34, 0, 2
3234, 1617, 0, 35, 0, 1
3236, 1618, 0, 31, 1, 1
3238, 1619, 0, 29, 0, 1
3240, 1620, 0, 38, 0, 1
3242, 1621, 0, 29, 0, 1
3244, 1622, 0, 32, 0, 2
3246, 1623, 0, 28, 0, 1
3248, 1624, 0, 26, 2, 1
3250, 1625, 0, 28, 0, 1
3252, 1626, 0, 25, 0, 1
3254, 1627, 0, 26, 0, 1
3256, 1628, 0, 34, 0, 1
3258, 1629, 0, 30, 0, 1
3260, 1630, 0, 36, 2, 1
3262, 1631, 0, 33, 0, 1
3264, 1632, 0, 35, 0, 1
3266, 1633, 0, 36, 0, 1
3268, 1634, 0, 27, 0, 1
3270, 1635, 0, 52, 0, 1
3272, 1636, 0, 44, 2, 1
3274, 1637, 0, 52, 0, 1
3276, 1638, 0, 45, 0, 1
3278, 1639, 0, 45, 0, 1
3280, 1640, 0, 43, 0, 1
3282, 1641, 0, 41, 0, 1
3284, 1642, 0, 40, 2, 1
3286, 1643, 0, 39, 0, 1
3288, 1644, 0, 38, 0, 1
3290, 1645, 0, 50, 0, 1
3292, 1646, 0, 38, 0, 1
3294, 1647, 0, 39, 3, 1
3296, 1648, 0, 34, 0, 1
3298, 1649, 0, 35, 0, 1
3300, 1650, 0, 33, 0, 1
3302, 1651, 0, 31, 0, 1
3304, 1652, 0, 31, 0, 1
3306, 1653, 0, 30, 2, 1
3308, 1654, 0, 30, 0, 1
3310, 1655, 0, 28, 0, 1
3312, 1656, 0, 27, 0, 2
3314, 1657, 0, 48, 0, 1
3316, 1658, 0, 30, 0, 1
3318, 1659, 0, 35, 2, 1
3320, 1660, 0, 25, 0, 1
3322, 1661, 0, 29, 0, 1
3324, 1662, 0, 30, 0, 2
3326, 1663, 0, 32, 0, 1
3328, 1664, 0, 33, 0, 1
3330, 1665, 0, 33, 2, 1
3332, 1666, 0, 37, 0, 1
3334, 1667, 0, 40, 0, 2
3336, 1668, 0, 38, 0, 1
3338, 1669, 0, 41, 0, 1
3340, 1670, 0, 398, 1, 1
3342, 1671, 0, 58, 0, 1
3344, 1672, 0, 44, 0, 2
3346, 1673, 0, 57, 0, 1
3348, 1674, 0, 44, 0, 1
3350, 1675, 0, 40, 0, 1
3352, 1676, 0, 39, 2, 2
3354, 1677, 0, 38, 0, 1
3356, 1678, 0, 98, 0, 1
3358, 1679, 0, 37, 0, 2
3360, 1680, 0, 36, 0, 2
3362, 1681, 0, 35, 0, 2
3364, 1682, 0, 33, 1, 2
3366, 1683, 0, 71, 0, 2
3368, 1684, 0, 32, 0, 2
3370, 1685, 0, 32, 0, 2
3372, 1686, 0, 30, 0, 2
3374, 1687, 0, 33, 0, 2
3376, 1688, 0, 28, 2, 2
3378, 1689, 0, 29, 0, 2
3380, 1690, 0, 26, 0, 2
3382, 1691, 0, 30, 0, 2
3384, 1692, 0, 24, 0, 1
3386, 1693, 0, 28, 0, 2
3388, 1694, 0, 31, 2, 2
3390, 1695, 0, 31, 0, 2
3392, 1696, 0, 35, 0, 2
3394, 1697, 0, 34, 0, 1
3396, 1698, 0, 47, 0, 1
3398, 1699, 0, 88, 2, 1
3400, 1700, 0, 54, 0, 2
3402, 1701, 0, 39, 0, 2
3404, 1702, 0, 41, 0, 1
3406, 1703, 0, 42, 0, 2
3408, 1704, 0, 41, 0, 2
3410, 1705, 0, 44, 1, 2
3412, 1706, 0, 41, 0, 1
3414, 1707, 0, 39, 0, 2
3416, 1708, 0, 44, 0, 1
3418, 1709, 0, 40, 0, 1
3420, 1710, 0, 43, 0, 1
3422, 1711, 0, 37, 1, 2
3424, 1712, 0, 37, 0, 1
3426, 1713, 0, 46, 0, 1
3428, 1714, 0, 36, 0, 2
3430, 1715, 0, 33, 0, 1
3432, 1716, 0, 32, 0, 1
3434, 1717, 0, 31, 1, 1
3436, 1718, 0, 65, 0, 1
3438, 1719, 0, 29, 0, 1
3440, 1720, 0, 28, 0, 1
3442, 1721, 0, 30, 0, 1
3444, 1722, 0, 31, 0, 1
3446, 1723, 0, 27, 2, 1
3448, 1724, 0, 26, 0, 1
3450, 1725, 0, 26, 0, 1
3452, 1726, 0, 25, 0, 1
3454, 1727, 0, 33, 0, 1
3456, 1728, 0, 34, 2, 1
3458, 1729, 0, 33, 0, 1
3460, 1730, 0, 32, 0, 2
3462, 1731, 0, 36, 0, 1
3464, 1732, 0, 54, 0, 1
3466, 1733, 0, 50, 0, 1
3468, 1734, 0, 38, 2, 1
3470, 1735, 0, 41, 0, 1
3472, 1736, 0, 44, 0, 1
3474, 1737, 0, 45, 0, 1
3476, 1738, 0, 44, 0, 1
3478, 1739, 0, 49, 0, 1
3480, 1740, 0, 111, 2, 1
3482, 1741, 0, 42, 0, 1
3484, 1742, 0, 39, 0, 1
3486, 1743, 0, 36, 0, 1
3488, 1744, 0, 41, 0, 1
3490, 1745, 0, 35, 0, 1
3492, 1746, 0, 36, 2, 1
3494, 1747, 0, 35, 0, 1
3496, 1748, 0, 37, 0, 1
3498, 1749, 0, 32, 0, 1
3500, 1750, 0, 37, 0, 1
3502, 1751, 0, 30, 0, 1
3504, 1752, 0, 34, 2, 1
3506, 1753, 0, 28, 0, 1
3508, 1754, 0, 28, 0, 1
3510, 1755, 0, 31, 0, 1
3512, 1756, 0, 25, 0, 1
3514, 1757, 0, 41, 1, 1
3516, 1758, 0, 24, 0, 1
3518, 1759, 0, 25, 0, 1
3520, 1760, 0, 77, 0, 1
3522, 1761, 0, 27, 0, 1
3524, 1762, 0, 31, 0, 1
3526, 1763, 0, 34, 1, 2
3528, 1764, 0, 35, 0, 1
3530, 1765, 0, 33, 0, 1
3532, 1766, 0, 36, 0, 1
3534, 1767, 0, 38, 0, 1
3536, 1768, 0, 40, 0, 1
3538, 1769, 0, 44, 2, 1
3540, 1770, 0, 58, 0, 1
3542, 1771, 0, 42, 0, 1
3544, 1772, 0, 43, 0, 1
3546, 1773, 0, 42, 0, 1
3548, 1774, 0, 42, 0, 1
3550, 1775, 0, 43, 2, 1
3552, 1776, 0, 39, 0, 1
3554, 1777, 0, 38, 0, 1
3556, 1778, 0, 33, 0, 1
3558, 1779, 0, 36, 0, 1
3560, 1780, 0, 33, 0, 1
3562, 1781, 0, 32, 2, 1
3564, 1782, 0, 33, 0, 1
3566, 1783, 0, 32, 0, 1
3568, 1784, 0, 46, 0, 1
3570, 1785, 0, 30, 0, 1
3572, 1786, 0, 45, 1, 1
3574, 1787, 0, 75, 0, 1
3576, 1788, 0, 43, 0, 1
3578, 1789, 0, 26, 0, 1
3580, 1790, 0, 25, 0, 1
3582, 1791, 0, 24, 0, 1
3584, 1792, 0, 26, 1, 1
3586, 1793, 0, 28, 0, 1
3588, 1794, 0, 29, 0, 1
3590, 1795, 0, 33, 0, 1
3592, 1796, 0, 51, 0, 1
3594, 1797, 0, 33, 0, 1
3596, 1798, 0, 40, 2, 1
3598, 1799, 0, 54, 0, 1
3600, 1800, 0, 40, 0, 1
3602, 1801, 0, 40, 0, 1
3604, 1802, 0, 49, 0, 1
3606, 1803, 0, 45, 0, 1
3608, 1804, 0, 44, 1, 1
3610, 1805, 0, 41, 0, 1
3612, 1806, 0, 42, 0, 1
3614, 1807, 0, 42, 0, 1
3616, 1808, 0, 40, 0, 1
3618, 1809, 0, 36, 0, 1
3620, 1810, 0, 39, 1, 1
3622, 1811, 0, 65, 0, 1
3624, 1812, 0, 33, 0, 1
3626, 1813, 0, 35, 0, 1
3628, 1814, 0, 66, 0, 1
3630, 1815, 0, 41, 0, 1
3632, 1816, 0, 32, 2, 1
3634, 1817, 0, 31, 0, 1
3636, 1818, 0, 30, 0, 1
3638, 1819, 0, 29, 0, 1
3640, 1820, 0, 28, 0, 1
3642, 1821, 0, 38, 0, 1
3644, 1822, 0, 28, 2, 1
3646, 1823, 0, 30, 0, 1
3648, 1824, 0, 24, 0, 1
3650, 1825, 0, 31, 0, 1
3652, 1826, 0, 30, 0, 1
3654, 1827, 0, 33, 3, 1
3656, 1828, 0, 35, 0, 1
3658, 1829, 0, 31, 0, 1
3660, 1830, 0, 33, 0, 1
3662, 1831, 0, 36, 0, 1
3664, 1832, 0, 65, 0, 1
3666, 1833, 0, 35, 2, 1
3668, 1834, 0, 42, 0, 1
3670, 1835, 0, 44, 0, 1
3672, 1836, 0, 49, 0, 1
3674, 1837, 0, 44, 0, 1
3676, 1838, 0, 42, 0, 1
3678, 1839, 0, 42, 1, 1
3680, 1840, 0, 40, 0, 1
3682, 1841, 0, 39, 0, 1
3684, 1842, 0, 38, 0, 1
3686, 1843, 0, 41, 0, 1
3688, 1844, 0, 36, 0, 1
3690, 1845, 0, 35, 2, 1
3692, 1846, 0, 34, 0, 1
3694, 1847, 0, 31, 0, 1
3696, 1848, 0, 32, 0, 1
3698, 1849, 0, 28, 0, 1
3700, 1850, 0, 28, 0, 1
3702, 1851, 0, 27, 0, 1
3704, 1852, 0, 29, 0, 1
3706, 1853, 0, 28, 0, 1
3708, 1854, 0, 30, 0, 1
3710, 1855, 0, 57, 0, 1
3712, 1856, 0, 25, 2, 1
3714, 1857, 0, 26, 0, 1
3716, 1858, 0, 27, 0, 1
3718, 1859, 0, 64, 0, 1
3720, 1860, 0, 59, 0, 1
3722, 1861, 0, 42, 0, 1
3724, 1862, 0, 68, 1, 1
3726, 1863, 0, 34, 0, 1
3728, 1864, 0, 70, 0, 1
3730, 1865, 0, 49, 0, 1
3732, 1866, 0, 43, 0, 1
3734, 1867, 0, 62, 0, 1
3736, 1868, 0, 46, 2, 1
3738, 1869, 0, 43, 0, 1
3740, 1870, 0, 42, 0, 1
3742, 1871, 0, 42, 0, 1
3744, 1872, 0, 46, 0, 1
3746, 1873, 0, 38, 0, 1
3748, 1874, 0, 40, 2, 1
3750, 1875, 0, 55, 0, 1
3752, 1876, 0, 41, 0, 1
3754, 1877, 0, 33, 0, 1
3756, 1878, 0, 36, 0, 1
3758, 1879, 0, 91, 1, 1
3760, 1880, 0, 33, 0, 1
3762, 1881, 0, 33, 0, 1
3764, 1882, 0, 31, 0, 1
3766, 1883, 0, 32, 0, 1
3768, 1884, 0, 33, 0, 1
3770, 1885, 0, 29, 1, 1
3772, 1886, 0, 30, 0, 1
3774, 1887, 0, 25, 0, 1
3776, 1888, 0, 29, 0, 1
3778, 1889, 0, 28, 0, 1
3780, 1890, 0, 32, 0, 1
3782, 1891, 0, 25, 1, 1
3784, 1892, 0, 31, 0, 1
3786, 1893, 0, 35, 0, 1
3788, 1894, 0, 34, 0, 1
3790, 1895, 0, 35, 0, 1
3792, 1896, 0, 34, 0, 1
3794, 1897, 0, 45, 1, 1
3796, 1898, 0, 41, 0, 1
3798, 1899, 0, 39, 0, 1
3800, 1900, 0, 40, 0, 1
3802, 1901, 0, 43, 0, 1
3804, 1902, 0, 45, 0, 1
3806, 1903, 0, 42, 3, 1
3808, 1904, 0, 45, 0, 1
3810, 1905, 0, 46, 0, 1
3812, 1906, 0, 47, 0, 1
3814, 1907, 0, 43, 0, 1
3816, 1908, 0, 39, 0, 1
3818, 1909, 0, 34, 2, 1
3820, 1910, 0, 36, 0, 1
3822, 1911, 0, 35, 0, 1
3824, 1912, 0, 43, 0, 1
3826, 1913, 0, 35, 0, 1
3828, 1914, 0, 47, 2, 1
3830, 1915, 0, 30, 0, 1
3832, 1916, 0, 31, 0, 1
3834, 1917, 0, 30, 0, 1
3836, 1918, 0, 29, 0, 1
3838, 1919, 0, 26, 0, 1
3840, 1920, 0, 48, 1, 1
3842, 1921, 0, 27, 0, 1
3844, 1922, 0, 24, 0, 1
3846, 1923, 0, 24, 0, 1
3848, 1924, 0, 28, 0, 1
3850, 1925, 0, 26, 0, 1
3852, 1926, 0, 27, 2, 1
3854, 1927, 0, 33, 0, 1
3856, 1928, 0, 48, 0, 1
3858, 1929, 0, 34, 0, 1
3860, 1930, 0, 38, 0, 1
3862, 1931, 0, 24, 0, 1
3864, 1932, 0, 45, 2, 1
3866, 1933, 0, 41, 0, 1
3868, 1934, 0, 42, 0, 1
3870, 1935, 0, 55, 0, 1
3872, 1936, 0, 73, 0, 1
3874, 1937, 0, 63, 0, 1
3876, 1938, 0, 41, 2, 2
3878, 1939, 0, 41, 0, 1
3880, 1940, 0, 41, 0, 1
3882, 1941, 0, 38, 0, 1
3884, 1942, 0, 38, 0, 1
3886, 1943, 0, 40, 2, 1
3888, 1944, 0, 36, 0, 1
3890, 1945, 0, 35, 0, 1
3892, 1946, 0, 31, 0, 1
3894, 1947, 0, 34, 0, 1
3896, 1948, 0, 32, 0, 1
3898, 1949, 0, 35, 1, 1
3900, 1950, 0, 29, 0, 1
3902, 1951, 0, 35, 0, 1
3904, 1952, 0, 28, 0, 1
3906, 1953, 0, 31, 0, 1
3908, 1954, 0, 26, 0, 1
3910, 1955, 0, 27, 1, 1
3912, 1956, 0, 25, 0, 1
3914, 1957, 0, 26, 0, 1
3916, 1958, 0, 29, 0, 1
3918, 1959, 0, 26, 0, 1
3920, 1960, 0, 33, 0, 1
3922, 1961, 0, 33, 2, 1
3924, 1962, 0, 33, 0, 1
3926, 1963, 0, 38, 0, 1
3928, 1964, 0, 40, 0, 1
3930, 1965, 0, 38, 0, 1
3932, 1966, 0, 38, 0, 1
3934, 1967, 0, 42, 1, 1
3936, 1968, 0, 44, 0, 1
3938, 1969, 0, 44, 0, 1
3940, 1970, 0, 42, 0, 1
3942, 1971, 0, 56, 0, 1
3944, 1972, 0, 45, 2, 1
3946, 1973, 0, 38, 0, 1
3948, 1974, 0, 41, 0, 1
3950, 1975, 0, 35, 0, 1
3952, 1976, 0, 34, 0, 1
3954, 1977, 0, 36, 0, 1
3956, 1978, 0, 100, 2, 1
3958, 1979, 0, 33, 0, 1
3960, 1980, 0, 33, 0, 1
3962, 1981, 0, 33, 0, 1
3964, 1982, 0, 31, 0, 1
3966, 1983, 0, 32, 0, 1
3968, 1984, 0, 33, 2, 1
3970, 1985, 0, 27, 0, 1
3972, 1986, 0, 27, 0, 1
3974, 1987, 0, 26, 0, 1
3976, 1988, 0, 25, 0, 1
3978, 1989, 0, 38, 0, 1
3980, 1990, 0, 29, 2, 1
3982, 1991, 0, 28, 0, 1
3984, 1992, 0, 28, 0, 1
3986, 1993, 0, 32, 0, 1
3988, 1994, 0, 31, 0, 1
3990, 1995, 0, 35, 0, 1
3992, 1996, 0, 35, 3, 1
3994, 1997, 0, 38, 0, 1
3996, 1998, 0, 90, 0, 1
3998, 1999, 0, 41, 0, 1
4000, 2000, 0, 55, 0, 1
4002, 2001, 0, 65, 1, 1
4004, 2002, 0, 47, 0, 1
4006, 2003, 0, 71, 0, 1
4008, 2004, 0, 48, 0, 1
4010, 2005, 0, 41, 0, 1
4012, 2006, 0, 39, 0, 1
4014, 2007, 0, 39, 1, 1
4016, 2008, 0, 47, 0, 1
4018, 2009, 0, 43, 0, 1
4020, 2010, 0, 42, 0, 1
4022, 2011, 0, 34, 0, 1
4024, 2012, 0, 33, 0, 1
4026, 2013, 0, 40, 2, 1
4028, 2014, 0, 33, 0, 1
4030, 2015, 0, 34, 0, 1
4032, 2016, 0, 29, 0, 1
4034, 2017, 0, 30, 0, 1
4036, 2018, 0, 37, 0, 1
4038, 2019, 0, 31, 2, 1
4040, 2020, 0, 27, 0, 1
4042, 2021, 0, 43, 0, 1
4044, 2022, 0, 25, 0, 1
4046, 2023, 0, 48, 0, 1
4048, 2024, 0, 34, 0, 1
4050, 2025, 0, 29, 2, 1
4052, 2026, 0, 30, 0, 1
4054, 2027, 0, 33, 0, 1
4056, 2028, 0, 33, 0, 1
4058, 2029, 0, 42, 0, 1
4060, 2030, 0, 42, 1, 1
4062, 2031, 0, 38, 0, 1
4064, 2032, 0, 45, 0, 1
4066, 2033, 0, 76, 0, 1
4068, 2034, 0, 46, 0, 1
4070, 2035, 0, 53, 0, 1
4072, 2036, 0, 45, 1, 1
4074, 2037, 0, 41, 0, 1
4076, 2038, 0, 41, 0, 1
4078, 2039, 0, 39, 0, 1
4080, 2040, 0, 35, 0, 1
4082, 2041, 0, 48, 0, 1
4084, 2042, 0, 34, 2, 1
4086, 2043, 0, 42, 0, 1
4088, 2044, 0, 35, 0, 1
4090, 2045, 0, 56, 0, 1
4092, 2046, 0, 33, 0, 1
4094, 2047, 0, 32, 0, 1
4096, 2048, 0, 31, 2, 1
4098, 2049, 0, 32, 0, 1
4100, 2050, 0, 46, 0, 1
4102, 2051, 0, 29, 0, 1
4104, 2052, 0, 39, 0, 1
4106, 2053, 0, 38, 0, 1
4108, 2054, 0, 26, 1, 1
4110, 2055, 0, 27, 0, 1
4112, 2056, 0, 27, 0, 1
4114, 2057, 0, 30, 0, 1
4116, 2058, 0, 35, 0, 1
4118, 2059, 0, 33, 2, 1
4120, 2060, 0, 34, 0, 1
4122, 2061, 0, 33, 0, 1
4124, 2062, 0, 40, 0, 1
4126, 2063, 0, 26, 0, 1
4128, 2064, 0, 52, 0, 1
4130, 2065, 0, 40, 1, 1
4132, 2066, 0, 50, 0, 1
4134, 2067, 0, 45, 0, 1
4136, 2068, 0, 49, 0, 1
4138, 2069, 0, 41, 0, 1
4140, 2070, 0, 41, 0, 1
4142, 2071, 0, 42, 1, 1
4144, 2072, 0, 40, 0, 1
4146, 2073, 0, 36, 0, 1
4148, 2074, 0, 38, 0, 1
4150, 2075, 0, 35, 0, 1
4152, 2076, 0, 33, 0, 1
4154, 2077, 0, 35, 2, 1
4156, 2078, 0, 30, 0, 1
4158, 2079, 0, 39, 0, 1
4160, 2080, 0, 32, 0, 1
4162, 2081, 0, 39, 0, 1
4164, 2082, 0, 27, 0, 1
4166, 2083, 0, 29, 3, 1
4168, 2084, 0, 29, 0, 1
4170, 2085, 0, 27, 0, 1
4172, 2086, 0, 24, 0, 1
4174, 2087, 0, 60, 0, 1
4176, 2088, 0, 26, 2, 1
4178, 2089, 0, 26, 0, 1
4180, 2090, 0, 29, 0, 1
4182, 2091, 0, 31, 0, 1
4184, 2092, 0, 32, 0, 1
4186, 2093, 0, 33, 0, 1
4188, 2094, 0, 32, 1, 1
4190, 2095, 0, 38, 0, 1
4192, 2096, 0, 41, 0, 1
4194, 2097, 0, 63, 0, 1
4196, 2098, 0, 42, 0, 1
4198, 2099, 0, 85, 0, 1
4200, 2100, 0, 43, 1, 1
4202, 2101, 0, 43, 0, 1
4204, 2102, 0, 48, 0, 1
4206, 2103, 0, 38, 0, 1
4208, 2104, 0, 39, 0, 1
4210, 2105, 0, 40, 0, 1
4212, 2106, 0, 45, 2, 1
4214, 2107, 0, 38, 0, 1
4216, 2108, 0, 37, 0, 1
4218, 2109, 0, 38, 0, 1
4220, 2110, 0, 35, 0, 1
4222, 2111, 0, 266, 1, 1
4224, 2112, 0, 33, 0, 1
4226, 2113, 0, 41, 0, 1
4228, 2114, 0, 31, 0, 1
4230, 2115, 0, 29, 0, 1
4232, 2116, 0, 28, 0, 1
4234, 2117, 0, 28, 1, 1
4236, 2118, 0, 31, 0, 1
4238, 2119, 0, 30, 0, 1
4240, 2120, 0, 25, 0, 1
4242, 2121, 0, 37, 0, 1
4244, 2122, 0, 25, 0, 1
4246, 2123, 0, 29, 1, 1
4248, 2124, 0, 31, 0, 1
4250, 2125, 0, 31, 0, 1
4252, 2126, 0, 59, 0, 1
4254, 2127, 0, 35, 0, 1
4256, 2128, 0, 47, 0, 1
4258, 2129, 0, 38, 2, 1
4260, 2130, 0, 40, 0, 1
4262, 2131, 0, 68, 0, 1
4264, 2132, 0, 99, 0, 1
4266, 2133, 0, 45, 0, 1
4268, 2134, 0, 49, 0, 1
4270, 2135, 0, 42, 0, 1
4272, 2136, 0, 40, 0, 1
4274, 2137, 0, 38, 0, 1
4276, 2138, 0, 40, 0, 1
4278, 2139, 0, 43, 0, 1
4280, 2140, 0, 82, 1, 1
4282, 2141, 0, 36, 0, 1
4284, 2142, 0, 33, 0, 1
4286, 2143, 0, 35, 0, 1
4288, 2144, 0, 42, 0, 1
4290, 2145, 0, 33, 0, 1
4292, 2146, 0, 32, 2, 1
4294, 2147, 0, 31, 0, 1
4296, 2148, 0, 31, 0, 1
4298, 2149, 0, 29, 0, 1
4300, 2150, 0, 34, 0, 1
4302, 2151, 0, 28, 0, 1
4304, 2152, 0, 26, 1, 1
4306, 2153, 0, 26, 0, 1
4308, 2154, 0, 80, 0, 1
4310, 2155, 0, 26, 0, 1
4312, 2156, 0, 28, 0, 1
4314, 2157, 0, 26, 0, 1
4316, 2158, 0, 31, 2, 1
4318, 2159, 0, 35, 0, 1
4320, 2160, 0, 35, 0, 1
4322, 2161, 0, 33, 0, 1
4324, 2162, 0, 33, 0, 1
4326, 2163, 0, 35, 0, 1
4328, 2164, 0, 45, 1, 1
4330, 2165, 0, 40, 0, 1
4332, 2166, 0, 45, 0, 1
4334, 2167, 0, 46, 0, 1
4336, 2168, 0, 42, 0, 1
4338, 2169, 0, 41, 0, 1
4340, 2170, 0, 37, 2, 1
4342, 2171, 0, 38, 0, 1
4344, 2172, 0, 36, 0, 1
4346, 2173, 0, 39, 0, 1
4348, 2174, 0, 52, 0, 1
4350, 2175, 0, 36, 0, 1
4352, 2176, 0, 31, 2, 1
4354, 2177, 0, 49, 0, 1
4356, 2178, 0, 31, 0, 1
4358, 2179, 0, 32, 0, 1
4360, 2180, 0, 30, 0, 1
4362, 2181, 0, 30, 1, 1
4364, 2182, 0, 38, 0, 1
4366, 2183, 0, 28, 0, 1
4368, 2184, 0, 31, 0, 1
4370, 2185, 0, 77, 0, 1
4372, 2186, 0, 33, 0, 1
4374, 2187, 0, 27, 1, 1
4376, 2188, 0, 27, 0, 1
4378, 2189, 0, 29, 0, 1
4380, 2190, 0, 28, 0, 1
4382, 2191, 0, 42, 0, 1
4384, 2192, 0, 72, 0, 1
4386, 2193, 0, 45, 1, 1
4388, 2194, 0, 35, 0, 1
4390, 2195, 0, 36, 0, 1
4392, 2196, 0, 39, 0, 1
4394, 2197, 0, 44, 0, 1
4396, 2198, 0, 42, 0, 1
4398, 2199, 0, 42, 0, 1
4400, 2200, 0, 41, 0, 1
4402, 2201, 0, 43, 0, 1
4404, 2202, 0, 42, 0, 1
4406, 2203, 0, 41, 0, 1
4408, 2204, 0, 38, 0, 1
4410, 2205, 0, 35, 1, 1
4412, 2206, 0, 46, 0, 1
4414, 2207, 0, 36, 0, 1
4416, 2208, 0, 33, 0, 1
4418, 2209, 0, 54, 0, 1
4420, 2210, 0, 55, 1, 1
4422, 2211, 0, 36, 0, 1
4424, 2212, 0, 34, 0, 1
4426, 2213, 0, 29, 0, 1
4428, 2214, 0, 30, 0, 1
4430, 2215, 0, 29, 0, 1
4432, 2216, 0, 28, 0, 1
4434, 2217, 0, 32, 0, 1
4436, 2218, 0, 26, 0, 1
4438, 2219, 0, 25, 0, 1
4440, 2220, 0, 24, 0, 1
4442, 2221, 0, 27, 0, 1
4444, 2222, 0, 28, 1, 1
4446, 2223, 0, 34, 0, 1
4448, 2224, 0, 33, 0, 1
4450, 2225, 0, 32, 0, 1
4452, 2226, 0, 34, 0, 1
4454, 2227, 0, 40, 0, 1
4456, 2228, 0, 35, 1, 1
4458, 2229, 0, 47, 0, 1
4460, 2230, 0, 40, 0, 1
4462, 2231, 0, 44, 0, 1
4464, 2232, 0, 46, 0, 1
4466, 2233, 0, 47, 0, 1
4468, 2234, 0, 44, 2, 1
4470, 2235, 0, 42, 0, 1
4472, 2236, 0, 40, 0, 1
4474, 2237, 0, 40, 0, 1
4476, 2238, 0, 39, 0, 1
4478, 2239, 0, 78, 1, 1
4480, 2240, 0, 66, 0, 1
4482, 2241, 0, 38, 0, 1
4484, 2242, 0, 35, 0, 1
4486, 2243, 0, 34, 0, 1
4488, 2244, 0, 39, 0, 1
4490, 2245, 0, 36, 2, 1
4492, 2246, 0, 30, 0, 1
4494, 2247, 0, 30, 0, 1
4496, 2248, 0, 29, 0, 1
4498, 2249, 0, 28, 0, 1
4500, 2250, 0, 27, 0, 1
4502, 2251, 0, 39, 2, 1
4504, 2252, 0, 25, 0, 1
4506, 2253, 0, 24, 0, 1
4508, 2254, 0, 28, 0, 1
4510, 2255, 0, 66, 0, 1
4512, 2256, 0, 30, 0, 1
4514, 2257, 0, 33, 1, 1
4516, 2258, 0, 33, 0, 1
4518, 2259, 0, 33, 0, 1
4520, 2260, 0, 38, 0, 1
4522, 2261, 0, 64, 0, 1
4524, 2262, 0, 39, 0, 1
4526, 2263, 0, 38, 2, 1
4528, 2264, 0, 62, 0, 1
4530, 2265, 0, 45, 0, 1
4532, 2266, 0, 101, 0, 1
4534, 2267, 0, 39, 0, 1
4536, 2268, 0, 46, 1, 1
4538, 2269, 0, 41, 0, 1
4540, 2270, 0, 36, 0, 1
4542, 2271, 0, 35, 0, 1
4544, 2272, 0, 35, 0, 1
4546, 2273, 0, 37, 0, 1
4548, 2274, 0, 36, 1, 1
4550, 2275, 0, 34, 0, 1
4552, 2276, 0, 32, 0, 1
4554, 2277, 0, 32, 0, 1
4556, 2278, 0, 32, 0, 1
4558, 2279, 0, 60, 0, 1
4560, 2280, 0, 30, 1, 1
4562, 2281, 0, 29, 0, 1
4564, 2282, 0, 26, 0, 1
4566, 2283, 0, 25, 0, 1
4568, 2284, 0, 26, 0, 1
4570, 2285, 0, 25, 0, 1
4572, 2286, 0, 24, 1, 1
4574, 2287, 0, 29, 0, 1
4576, 2288, 0, 28, 0, 1
4578, 2289, 0, 31, 0, 1
4580, 2290, 0, 31, 0, 1
4582, 2291, 0, 33, 0, 1
4584, 2292, 0, 35, 1, 1
4586, 2293, 0, 38, 0, 1
4588, 2294, 0, 45, 0, 1
4590, 2295, 0, 38, 0, 1
4592, 2296, 0, 44, 0, 1
4594, 2297, 0, 46, 0, 1
4596, 2298, 0, 52, 0, 1
4598, 2299, 0, 41, 0, 1
4600, 2300, 0, 42, 0, 1
4602, 2301, 0, 42, 0, 1
4604, 2302, 0, 41, 0, 1
4606, 2303, 0, 40, 1, 1
4608, 2304, 0, 38, 0, 1
4610, 2305, 0, 40, 0, 1
4612, 2306, 0, 37, 0, 1
4614, 2307, 0, 33, 0, 1
4616, 2308, 0, 65, 0, 1
4618, 2309, 0, 42, 1, 1
4620, 2310, 0, 34, 0, 1
4622, 2311, 0, 32, 0, 1
4624, 2312, 0, 33, 0, 1
4626, 2313, 0, 29, 0, 1
4628, 2314, 0, 27, 0, 1
4630, 2315, 0, 26, 2, 1
4632, 2316, 0, 50, 0, 1
4634, 2317, 0, 34, 0, 1
4636, 2318, 0, 32, 0, 1
4638, 2319, 0, 24, 0, 1
4640, 2320, 0, 25, 0, 1
4642, 2321, 0, 28, 1, 1
4644, 2322, 0, 33, 0, 1
4646, 2323, 0, 30, 0, 1
4648, 2324, 0, 45, 0, 1
4650, 2325, 0, 35, 0, 1
4652, 2326, 0, 41, 1, 1
4654, 2327, 0, 36, 0, 1
4656, 2328, 0, 40, 0, 1
4658, 2329, 0, 60, 0, 1
4660, 2330, 0, 43, 0, 1
4662, 2331, 0, 45, 0, 1
4664, 2332, 0, 44, 1, 1
4666, 2333, 0, 40, 0, 1
4668, 2334, 0, 45, 0, 1
4670, 2335, 0, 42, 0, 1
4672, 2336, 0, 38, 0, 1
4674, 2337, 0, 67, 0, 1
4676, 2338, 0, 37, 2, 1
4678, 2339, 0, 34, 0, 1
4680, 2340, 0, 42, 0, 1
4682, 2341, 0, 35, 0, 1
4684, 2342, 0, 33, 0, 1
4686, 2343, 0, 34, 0, 1
4688, 2344, 0, 31, 2, 1
4690, 2345, 0, 31, 0, 1
4692, 2346, 0, 30, 0, 1
4694, 2347, 0, 29, 0, 1
4696, 2348, 0, 28, 0, 1
4698, 2349, 0, 28, 0, 1
4700, 2350, 0, 28, 0, 1
4702, 2351, 0, 25, 0, 1
4704, 2352, 0, 24, 0, 1
4706, 2353, 0, 25, 0, 1
4708, 2354, 0, 39, 0, 1
4710, 2355, 0, 34, 0, 1
4712, 2356, 0, 32, 0, 1
4714, 2357, 0, 33, 0, 1
4716, 2358, 0, 39, 0, 1
4718, 2359, 0, 35, 0, 1
4720, 2360, 0, 36, 0, 1
4722, 2361, 0, 43, 0, 1
4724, 2362, 0, 40, 0, 1
4726, 2363, 0, 48, 0, 1
4728, 2364, 0, 49, 0, 1
4730, 2365, 0, 43, 0, 1
4732, 2366, 0, 49, 0, 1
4734, 2367, 0, 42, 1, 1
4736, 2368, 0, 42, 0, 1
4738, 2369, 0, 39, 0, 1
4740, 2370, 0, 38, 0, 1
4742, 2371, 0, 38, 0, 1
4744, 2372, 0, 34, 0, 1
4746, 2373, 0, 36, 1, 1
4748, 2374, 0, 35, 0, 1
4750, 2375, 0, 58, 0, 1
4752, 2376, 0, 31, 0, 1
4754, 2377, 0, 30, 0, 1
4756, 2378, 0, 107, 1, 1
4758, 2379, 0, 38, 0, 1
4760, 2380, 0, 35, 0, 1
4762, 2381, 0, 27, 0, 1
4764, 2382, 0, 29, 0, 2
4766, 2383, 0, 67, 0, 1
4768, 2384, 0, 26, 1, 1
4770, 2385, 0, 34, 0, 1
4772, 2386, 0, 45, 0, 1
4774, 2387, 0, 29, 0, 1
4776, 2388, 0, 53, 0, 1
4778, 2389, 0, 33, 0, 1
4780, 2390, 0, 42, 1, 1
4782, 2391, 0, 77, 0, 1
4784, 2392, 0, 34, 0, 1
4786, 2393, 0, 42, 0, 1
4788, 2394, 0, 38, 0, 1
4790, 2395, 0, 58, 0, 1
4792, 2396, 0, 48, 0, 1
4794, 2397, 0, 42, 0, 1
4796, 2398, 0, 44, 0, 1
4798, 2399, 0, 40, 0, 1
4800, 2400, 0, 42, 0, 1
4802, 2401, 0, 41, 0, 1
4804, 2402, 0, 42, 1, 1
4806, 2403, 0, 43, 0, 1
4808, 2404, 0, 44, 0, 1
4810, 2405, 0, 36, 0, 1
4812, 2406, 0, 34, 0, 1
4814, 2407, 0, 42, 1, 1
4816, 2408, 0, 52, 0, 1
4818, 2409, 0, 32, 0, 1
4820, 2410, 0, 32, 0, 1
4822, 2411, 0, 30, 0, 1
4824, 2412, 0, 31, 0, 1
4826, 2413, 0, 28, 1, 1
4828, 2414, 0, 29, 0, 1
4830, 2415, 0, 27, 0, 1
4832, 2416, 0, 26, 0, 1
4834, 2417, 0, 28, 0, 1
4836, 2418, 0, 36, 0, 1
4838, 2419, 0, 29, 1, 1
4840, 2420, 0, 27, 0, 1
4842, 2421, 0, 25, 0, 1
4844, 2422, 0, 51, 0, 1
4846, 2423, 0, 39, 0, 1
4848, 2424, 0, 35, 0, 1
4850, 2425, 0, 33, 2, 1
4852, 2426, 0, 50, 0, 1
4854, 2427, 0, 39, 0, 1
4856, 2428, 0, 37, 0, 1
4858, 2429, 0, 46, 0, 1
4860, 2430, 0, 50, 0, 1
4862, 2431, 0, 43, 1, 1
4864, 2432, 0, 41, 0, 1
4866, 2433, 0, 52, 0, 1
4868, 2434, 0, 39, 0, 1
4870, 2435, 0, 39, 0, 1
4872, 2436, 0, 35, 0, 1
4874, 2437, 0, 37, 0, 1
4876, 2438, 0, 54, 0, 1
4878, 2439, 0, 32, 0, 1
4880, 2440, 0, 32, 0, 1
4882, 2441, 0, 36, 0, 1
4884, 2442, 0, 40, 1, 1
4886, 2443, 0, 42, 0, 1
4888, 2444, 0, 33, 0, 1
4890, 2445, 0, 35, 0, 1
4892, 2446, 0, 31, 0, 1
4894, 2447, 0, 32, 0, 1
4896, 2448, 0, 28, 1, 1
4898, 2449, 0, 25, 0, 1
4900, 2450, 0, 24, 0, 1
4902, 2451, 0, 24, 0, 1
4904, 2452, 0, 28, 0, 1
4906, 2453, 0, 28, 0, 1
4908, 2454, 0, 29, 1, 1
4910, 2455, 0, 32, 0, 1
4912, 2456, 0, 34, 0, 1
4914, 2457, 0, 38, 0, 1
4916, 2458, 0, 34, 0, 1
4918, 2459, 0, 26, 0, 1
4920, 2460, 0, 36, 1, 1
4922, 2461, 0, 40, 0, 1
4924, 2462, 0, 42, 0, 1
4926, 2463, 0, 42, 0, 1
4928, 2464, 0, 40, 0, 1
4930, 2465, 0, 41, 1, 1
4932, 2466, 0, 42, 0, 1
4934, 2467, 0, 43, 0, 1
4936, 2468, 0, 40, 0, 1
4938, 2469, 0, 39, 0, 1
4940, 2470, 0, 44, 0, 1
4942, 2471, 0, 36, 1, 1
4944, 2472, 0, 35, 0, 1
4946, 2473, 0, 34, 0, 1
4948, 2474, 0, 54, 0, 1
4950, 2475, 0, 40, 0, 1
4952, 2476, 0, 31, 0, 1
4954, 2477, 0, 38, 0, 1
4956, 2478, 0, 31, 0, 1
4958, 2479, 0, 29, 0, 1
4960, 2480, 0, 31, 0, 1
4962, 2481, 0, 66, 0, 1
4964, 2482, 0, 27, 0, 1
4966, 2483, 0, 26, 1, 1
4968, 2484, 0, 29, 0, 1
4970, 2485, 0, 26, 0, 1
4972, 2486, 0, 27, 0, 1
4974, 2487, 0, 32, 0, 1
4976, 2488, 0, 29, 0, 1
4978, 2489, 0, 35, 0, 1
4980, 2490, 0, 34, 0, 1
4982, 2491, 0, 40, 0, 1
4984, 2492, 0, 31, 0, 1
4986, 2493, 0, 37, 0, 1
4988, 2494, 0, 40, 1, 1
4990, 2495, 0, 42, 0, 1
4992, 2496, 0, 42, 0, 1
4994, 2497, 0, 40, 0, 1
4996, 2498, 0, 40, 0, 1
4998, 2499, 0, 40, 0, 1
5000, 2500, 0, 41, 2, 1
Program complete!


nios2-terminal: exiting due to ^C on host

nios2-terminal: Warning: The JTAG cable you are using is not supported for Nios
nios2-terminal: II systems.  You may experience intermittent JTAG communication
nios2-terminal: failures with this cable.  Please use a USB Blaster revision B
nios2-terminal: cable or another supported cable.  Please refer to the file
nios2-terminal: errata.txt included in the Nios II development kit documents
nios2-terminal: directory for more information.

