nios2-terminal: connected to hardware target using JTAG UART on cable
nios2-terminal: "USB-Blaster [USB-0]", device 1, instance 0
nios2-terminal: (Use the IDE stop button or Ctrl-C to terminate)

Tight Polling method selected
Please, press PB0 to continue, or change switch position and press PB1
2, 1, 7633, 4, 51637, 0
4, 2, 1, 6, 33731, 5020
6, 3, 7569, 8, 58624, 1962
8, 4, 6448, 8, 588, 0
10, 5, 6003, 8, 30281, 0
12, 6, 5258, 8, 6589, 0
14, 7, 8345, 9, 57673, 0
16, 8, 8521, 10, 44540, 0
18, 9, 1, 13, 21438, 0
20, 10, 7571, 15, 23733, 0
22, 11, 1, 17, 64912, 0
24, 12, 1, 19, 58832, 0
26, 13, 4442, 15, 1574, 0
28, 14, 6872, 23, 60634, 0
30, 15, 1, 25, 55296, 0
32, 16, 1, 27, 39581, 0
34, 17, 6236, 28, 50543, 0
36, 18, 6886, 31, 45830, 0
38, 19, 1, 32, 28435, 0
40, 20, 1, 30, 24038, 0
42, 21, 1, 31, 20069, 0
44, 22, 8071, 35, 40788, 0
46, 23, 7627, 38, 37854, 0
48, 24, 1, 33, 11059, 0
50, 25, 6792, 41, 31670, 0
52, 26, 7190, 41, 29848, 0
54, 27, 1, 32, 2453, 0
56, 28, 1, 26, 489, 0
58, 29, 6605, 49, 26729, 0
60, 30, 9605, 51, 32247, 0
62, 31, 1, 23, 316, 0
64, 32, 6664, 54, 23641, 0
66, 33, 1, 31, 387, 0
68, 34, 8341, 59, 26486, 0
70, 35, 7863, 55, 23846, 0
72, 36, 6696, 58, 20332, 0
74, 37, 6521, 60, 19795, 0
76, 38, 1, 25, 235, 0
78, 39, 1, 20, 330, 0
80, 40, 1, 25, 230, 0
82, 41, 7865, 66, 19877, 0
84, 42, 6364, 66, 16892, 0
86, 43, 6611, 67, 16117, 0
88, 44, 7161, 71, 15063, 0
90, 45, 1, 39, 285, 0
92, 46, 1, 39, 209, 0
94, 47, 1, 34, 186, 0
96, 48, 1, 33, 186, 0
98, 49, 1, 32, 191, 0
100, 50, 1, 31, 183, 0
102, 51, 6326, 73, 12906, 0
104, 52, 6232, 75, 12637, 0
106, 53, 6115, 76, 12407, 0
108, 54, 6004, 72, 12179, 0
110, 55, 7085, 92, 14315, 0
112, 56, 8601, 93, 15824, 0
114, 57, 8536, 104, 15534, 0
116, 58, 8415, 101, 15747, 0
118, 59, 1, 22, 149, 0
120, 60, 1, 21, 143, 0
122, 61, 1, 21, 144, 0
124, 62, 1, 33, 199, 0
126, 63, 1, 21, 139, 0
128, 64, 1, 20, 143, 0
130, 65, 1, 20, 137, 0
132, 66, 1, 34, 140, 0
134, 67, 1, 21, 137, 0
136, 68, 1, 29, 185, 0
138, 69, 8166, 122, 12652, 0
140, 70, 1, 30, 138, 0
142, 71, 7861, 117, 11924, 0
144, 72, 8143, 128, 10984, 0
146, 73, 8032, 113, 10837, 0
148, 74, 7885, 119, 10705, 0
150, 75, 6531, 111, 9892, 0
152, 76, 6445, 112, 9765, 0
154, 77, 6401, 116, 9620, 0
156, 78, 6264, 86, 6395, 0
158, 79, 6188, 90, 6313, 0
160, 80, 6075, 88, 6271, 0
162, 81, 6038, 88, 6158, 0
164, 82, 5969, 88, 6080, 0
166, 83, 5903, 88, 6003, 0
168, 84, 1, 24, 95, 0
170, 85, 1, 24, 137, 0
172, 86, 1, 23, 96, 0
174, 87, 1, 24, 93, 0
176, 88, 1, 20, 96, 0
178, 89, 1, 25, 94, 0
180, 90, 1, 26, 93, 0
182, 91, 1, 25, 128, 0
184, 92, 1, 20, 93, 0
186, 93, 1, 20, 94, 0
188, 94, 1, 25, 93, 0
190, 95, 1, 24, 95, 0
192, 96, 1, 28, 94, 0
194, 97, 1, 29, 125, 0
196, 98, 1, 50, 92, 0
198, 99, 1, 39, 91, 0
200, 100, 1, 39, 91, 0
202, 101, 1, 37, 93, 0
204, 102, 1, 33, 90, 0
206, 103, 1, 32, 131, 0
208, 104, 6293, 134, 6377, 0
210, 105, 6233, 140, 6318, 0
212, 106, 6173, 141, 6260, 0
214, 107, 6117, 148, 6203, 0
216, 108, 4545, 114, 4630, 0
218, 109, 4492, 112, 4600, 0
220, 110, 4471, 115, 4539, 0
222, 111, 4433, 117, 4496, 0
224, 112, 4396, 121, 4454, 0
226, 113, 4357, 122, 4416, 0
228, 114, 4298, 118, 4398, 0
230, 115, 4280, 120, 4341, 0
232, 116, 4243, 122, 4305, 0
234, 117, 4205, 124, 4271, 0
236, 118, 4167, 124, 4237, 0
238, 119, 4142, 124, 4192, 0
240, 120, 4085, 125, 4180, 0
242, 121, 4075, 126, 4122, 0
244, 122, 4039, 139, 4092, 0
246, 123, 4039, 130, 4026, 0
248, 124, 4172, 132, 3829, 0
250, 125, 4947, 131, 2990, 0
252, 126, 4769, 132, 3106, 0
254, 127, 4865, 135, 2948, 0
256, 128, 4874, 135, 2878, 0
258, 129, 5069, 133, 2624, 0
260, 130, 5153, 134, 2481, 0
262, 131, 5414, 138, 2163, 0
264, 132, 5492, 138, 2028, 0
266, 133, 5857, 137, 1607, 0
268, 134, 6498, 137, 910, 0
270, 135, 7267, 167, 3719, 0
272, 136, 7215, 169, 3692, 0
274, 137, 1, 31, 83, 0
276, 138, 7113, 166, 3638, 0
278, 139, 1, 29, 48, 0
280, 140, 1, 30, 52, 0
282, 141, 1, 29, 48, 0
284, 142, 6913, 165, 3537, 0
286, 143, 1, 25, 75, 0
288, 144, 1, 26, 47, 0
290, 145, 1, 25, 51, 0
292, 146, 1, 28, 47, 0
294, 147, 1, 23, 47, 0
296, 148, 1, 28, 49, 0
298, 149, 1, 28, 80, 0
300, 150, 1, 25, 50, 0
302, 151, 1, 35, 46, 0
304, 152, 1, 30, 47, 0
306, 153, 1, 48, 49, 0
308, 154, 1, 30, 47, 0
310, 155, 1, 32, 75, 0
312, 156, 1, 39, 47, 0
314, 157, 1, 38, 47, 0
316, 158, 1, 39, 49, 0
318, 159, 1, 36, 47, 0
320, 160, 1, 41, 49, 0
322, 161, 1, 34, 80, 0
324, 162, 1, 63, 47, 0
326, 163, 1, 32, 47, 0
328, 164, 1, 34, 46, 0
330, 165, 1, 30, 48, 0
332, 166, 1, 29, 65, 0
334, 167, 1, 28, 48, 0
336, 168, 1, 27, 45, 0
338, 169, 1, 26, 49, 0
340, 170, 1, 25, 46, 0
342, 171, 1, 26, 45, 0
344, 172, 1, 23, 65, 0
346, 173, 1, 32, 45, 0
348, 174, 1, 31, 45, 0
350, 175, 1, 46, 47, 0
352, 176, 1, 28, 45, 0
354, 177, 1, 33, 46, 0
356, 178, 1, 34, 64, 0
358, 179, 1, 27, 45, 0
360, 180, 1, 28, 46, 0
362, 181, 1, 31, 45, 0
364, 182, 1, 36, 47, 0
366, 183, 1, 48, 45, 0
368, 184, 1, 45, 68, 0
370, 185, 1, 37, 47, 0
372, 186, 1, 59, 45, 0
374, 187, 1, 35, 46, 0
376, 188, 1, 34, 45, 0
378, 189, 1, 33, 45, 0
380, 190, 1, 32, 68, 0
382, 191, 1, 32, 45, 0
384, 192, 1, 30, 46, 0
386, 193, 1, 33, 45, 0
388, 194, 1, 29, 46, 0
390, 195, 1, 45, 62, 0
392, 196, 1, 26, 44, 0
394, 197, 1, 22, 45, 0
396, 198, 1, 24, 44, 0
398, 199, 1, 23, 44, 0
400, 200, 1, 25, 45, 0
402, 201, 1, 28, 60, 0
404, 202, 1, 47, 45, 0
406, 203, 1, 34, 44, 0
408, 204, 1, 32, 45, 0
410, 205, 1, 24, 44, 0
412, 206, 1, 40, 44, 0
414, 207, 1, 33, 60, 0
416, 208, 1, 74, 43, 0
418, 209, 4718, 62, 45, 0
420, 210, 4695, 59, 45, 0
422, 211, 1, 38, 45, 0
424, 212, 4651, 58, 45, 0
426, 213, 1, 46, 63, 0
428, 214, 4607, 56, 45, 0
430, 215, 4586, 57, 45, 0
432, 216, 4566, 53, 43, 0
434, 217, 4542, 55, 46, 0
436, 218, 4524, 54, 43, 0
438, 219, 4479, 53, 67, 0
440, 220, 4483, 84, 43, 0
442, 221, 4462, 50, 43, 0
444, 222, 4441, 69, 44, 0
446, 223, 4422, 47, 43, 0
448, 224, 4385, 62, 60, 0
450, 225, 4383, 45, 44, 0
452, 226, 4363, 47, 43, 0
454, 227, 4343, 45, 45, 0
456, 228, 4325, 46, 43, 0
458, 229, 4305, 41, 44, 0
460, 230, 4271, 43, 59, 0
462, 231, 4268, 41, 44, 0
464, 232, 4249, 38, 44, 0
466, 233, 4231, 36, 43, 0
468, 234, 4212, 36, 44, 0
470, 235, 4196, 35, 42, 0
472, 236, 4158, 34, 62, 0
474, 237, 4160, 73, 43, 0
476, 238, 4146, 32, 39, 0
478, 239, 4130, 62, 38, 0
480, 240, 4111, 33, 39, 0
482, 241, 4093, 50, 40, 0
484, 242, 4054, 28, 62, 0
486, 243, 4059, 34, 40, 0
488, 244, 4044, 26, 39, 0
490, 245, 4026, 30, 40, 0
492, 246, 4011, 24, 39, 0
494, 247, 3979, 29, 54, 0
496, 248, 3982, 21, 35, 0
498, 249, 3957, 24, 44, 0
500, 250, 3950, 23, 35, 0
502, 251, 3931, 21, 38, 0
504, 252, 3919, 24, 35, 0
506, 253, 3886, 28, 52, 0
508, 254, 1, 31, 31, 0
510, 255, 3870, 27, 37, 0
512, 256, 3855, 31, 37, 0
514, 257, 3840, 32, 37, 0
516, 258, 5740, 256, 1948, 0
518, 259, 3796, 33, 51, 0
520, 260, 3796, 45, 36, 0
522, 261, 3780, 33, 38, 0
524, 262, 3767, 45, 36, 0
526, 263, 3755, 32, 34, 0
528, 264, 3736, 36, 39, 0
530, 265, 3710, 30, 50, 0
532, 266, 3710, 31, 36, 0
534, 267, 3695, 30, 37, 0
536, 268, 3680, 34, 38, 0
538, 269, 3668, 29, 37, 0
540, 270, 3658, 33, 33, 0
542, 271, 3624, 27, 53, 0
544, 272, 3630, 29, 34, 0
546, 273, 3618, 27, 33, 0
548, 274, 3601, 28, 36, 0
550, 275, 3591, 26, 33, 0
552, 276, 3565, 27, 46, 0
554, 277, 7109, 209, 43, 0
556, 278, 7083, 212, 43, 0
558, 279, 7055, 218, 44, 0
560, 280, 7033, 208, 43, 0
562, 281, 7005, 211, 44, 0
564, 282, 6955, 206, 57, 0
566, 283, 6955, 207, 44, 0
568, 284, 6933, 205, 43, 0
570, 285, 6907, 203, 43, 0
572, 286, 6881, 203, 44, 0
574, 287, 6859, 204, 43, 0
576, 288, 6805, 199, 58, 0
578, 289, 6811, 200, 43, 0
580, 290, 6787, 218, 43, 0
582, 291, 6763, 197, 44, 0
584, 292, 6741, 210, 43, 0
586, 293, 6713, 196, 45, 0
588, 294, 6663, 203, 59, 0
590, 295, 6671, 198, 43, 0
592, 296, 6647, 195, 44, 0
594, 297, 6627, 191, 43, 0
596, 298, 6601, 192, 44, 0
598, 299, 6555, 193, 56, 0
600, 300, 6559, 191, 43, 0
602, 301, 6537, 204, 43, 0
604, 302, 6515, 189, 43, 0
606, 303, 6491, 196, 44, 0
608, 304, 6473, 186, 43, 0
610, 305, 6425, 189, 56, 0
612, 306, 6427, 185, 44, 0
614, 307, 6409, 183, 43, 0
616, 308, 6385, 182, 44, 0
618, 309, 6367, 180, 43, 0
620, 310, 6347, 180, 42, 0
622, 311, 6293, 179, 59, 0
624, 312, 6305, 194, 43, 0
626, 313, 6283, 177, 44, 0
628, 314, 6265, 189, 43, 0
630, 315, 6245, 177, 43, 0
632, 316, 6223, 180, 44, 0
634, 317, 6171, 172, 60, 0
636, 318, 6183, 173, 44, 0
638, 319, 6165, 171, 43, 0
640, 320, 6143, 169, 44, 0
642, 321, 6129, 167, 42, 0
644, 322, 6107, 170, 43, 0
646, 323, 6047, 196, 63, 0
648, 324, 6069, 166, 43, 0
650, 325, 6047, 175, 44, 0
652, 326, 1, 31, 13, 0
654, 327, 1, 30, 15, 0
656, 328, 1, 27, 25, 0
658, 329, 1, 28, 13, 0
660, 330, 1, 27, 16, 0
662, 331, 1, 41, 15, 0
664, 332, 1, 25, 13, 0
666, 333, 1, 28, 15, 0
668, 334, 1, 23, 23, 0
670, 335, 1, 28, 14, 0
672, 336, 1, 29, 13, 0
674, 337, 1, 34, 12, 0
676, 338, 1, 32, 11, 0
678, 339, 1, 25, 11, 0
680, 340, 1, 31, 23, 0
682, 341, 1, 47, 12, 0
684, 342, 1, 36, 13, 0
686, 343, 1, 34, 14, 0
688, 344, 1, 37, 13, 0
690, 345, 1, 39, 10, 0
692, 346, 1, 36, 24, 0
694, 347, 1, 37, 11, 0
696, 348, 1, 36, 12, 0
698, 349, 1, 33, 8, 0
700, 350, 1, 34, 11, 0
702, 351, 1, 51, 8, 0
704, 352, 1, 33, 22, 0
706, 353, 1, 55, 11, 0
708, 354, 1, 30, 11, 0
710, 355, 1, 29, 10, 0
712, 356, 1, 30, 8, 0
714, 357, 1, 27, 24, 0
716, 358, 2776, 32, 10, 0
718, 359, 1, 25, 10, 0
720, 360, 1, 33, 7, 0
722, 361, 1, 23, 7, 0
724, 362, 1, 32, 10, 0
726, 363, 1, 23, 14, 0
728, 364, 1, 28, 14, 0
730, 365, 2723, 30, 10, 0
732, 366, 1, 34, 9, 0
734, 367, 1, 30, 9, 0
736, 368, 2709, 34, 2, 0
738, 369, 2686, 43, 18, 0
740, 370, 2689, 33, 7, 0
742, 371, 2683, 37, 6, 0
744, 372, 2674, 31, 8, 0
746, 373, 2669, 37, 6, 0
748, 374, 1, 36, 2, 0
750, 375, 2642, 42, 19, 0
752, 376, 2648, 30, 6, 0
754, 377, 2638, 40, 8, 0
756, 378, 2632, 30, 7, 0
758, 379, 2625, 39, 8, 0
760, 380, 1, 32, 16, 0
762, 381, 2613, 26, 6, 0
764, 382, 2603, 25, 9, 0
766, 383, 2599, 54, 6, 0
768, 384, 2593, 31, 5, 0
770, 385, 2586, 26, 6, 0
772, 386, 2574, 31, 11, 0
774, 387, 2570, 33, 8, 0
776, 388, 2564, 35, 8, 0
778, 389, 2561, 30, 4, 0
780, 390, 2551, 29, 8, 0
782, 391, 2546, 31, 6, 0
784, 392, 2530, 34, 16, 0
786, 393, 2533, 35, 6, 0
788, 394, 2527, 33, 6, 0
790, 395, 2520, 37, 6, 0
792, 396, 2514, 38, 6, 0
794, 397, 2509, 32, 5, 0
796, 398, 2490, 36, 17, 0
798, 399, 2499, 30, 2, 0
800, 400, 2489, 35, 6, 0
802, 401, 2484, 32, 5, 0
804, 402, 2477, 30, 5, 0
806, 403, 2473, 29, 3, 0
808, 404, 2451, 39, 19, 0
810, 405, 2459, 28, 5, 0
812, 406, 2454, 30, 4, 0
814, 407, 2447, 28, 5, 0
816, 408, 2441, 25, 5, 0
818, 409, 2428, 25, 12, 0
820, 410, 2431, 29, 3, 0
822, 411, 2425, 26, 3, 0
824, 412, 2419, 32, 3, 0
826, 413, 2414, 32, 2, 0
828, 414, 2406, 31, 5, 0
830, 415, 2395, 26, 10, 0
832, 416, 2395, 30, 4, 0
834, 417, 2388, 33, 5, 0
836, 418, 2378, 33, 10, 0
838, 419, 2377, 29, 5, 0
840, 420, 2373, 36, 3, 0
842, 421, 2358, 34, 13, 0
844, 422, 2360, 39, 5, 0
846, 423, 2356, 33, 3, 0
848, 424, 2349, 37, 5, 0
850, 425, 2345, 31, 3, 0
852, 426, 2341, 30, 2, 0
854, 427, 2324, 30, 13, 0
856, 428, 2330, 34, 2, 0
858, 429, 2324, 31, 3, 0
860, 430, 2319, 32, 2, 0
862, 431, 2314, 29, 2, 0
864, 432, 2307, 30, 3, 0
866, 433, 2293, 28, 12, 0
868, 434, 2297, 28, 3, 0
870, 435, 2293, 26, 2, 0
872, 436, 2287, 24, 2, 0
874, 437, 2281, 25, 3, 0
876, 438, 2270, 29, 9, 0
878, 439, 2270, 26, 4, 0
880, 440, 2267, 24, 2, 0
882, 441, 2260, 29, 3, 0
884, 442, 2256, 33, 2, 0
886, 443, 2251, 31, 2, 0
888, 444, 2238, 27, 10, 0
890, 445, 2241, 25, 2, 0
892, 446, 2235, 33, 3, 0
894, 447, 2231, 35, 2, 0
896, 448, 2226, 40, 2, 0
898, 449, 2220, 33, 3, 0
900, 450, 2209, 42, 9, 0
902, 451, 2210, 33, 3, 0
904, 452, 2206, 41, 2, 0
906, 453, 2202, 35, 2, 0
908, 454, 2196, 30, 3, 0
910, 455, 2192, 30, 2, 0
912, 456, 2175, 39, 14, 0
914, 457, 2182, 31, 2, 0
916, 458, 2178, 44, 2, 0
918, 459, 2172, 28, 3, 0
920, 460, 2168, 47, 2, 0
922, 461, 2156, 72, 9, 0
924, 462, 2159, 38, 2, 0
926, 463, 2154, 24, 2, 0
928, 464, 2149, 28, 3, 0
930, 465, 2145, 27, 2, 0
932, 466, 2138, 54, 4, 0
934, 467, 2129, 25, 9, 0
936, 468, 2131, 27, 2, 0
938, 469, 2126, 26, 3, 0
940, 470, 2122, 35, 2, 0
942, 471, 2117, 32, 3, 0
944, 472, 2114, 32, 1, 0
946, 473, 2103, 31, 8, 0
948, 474, 2104, 34, 2, 0
950, 475, 2100, 36, 2, 0
952, 476, 2094, 64, 3, 0
954, 477, 2091, 35, 2, 0
956, 478, 2087, 36, 2, 0
958, 479, 2072, 36, 12, 0
960, 480, 6133, 223, 35, 0
962, 481, 2073, 33, 3, 0
964, 482, 2070, 31, 1, 0
966, 483, 2065, 39, 2, 0
968, 484, 2062, 30, 1, 0
970, 485, 2049, 29, 10, 0
972, 486, 2052, 69, 2, 0
974, 487, 2049, 29, 1, 0
976, 488, 2043, 26, 3, 0
978, 489, 2041, 26, 1, 0
980, 490, 2028, 25, 10, 0
982, 491, 2032, 26, 2, 0
984, 492, 5983, 210, 34, 0
986, 493, 2024, 29, 1, 0
988, 494, 5992, 210, 23, 0
990, 495, 2016, 27, 1, 0
992, 496, 2004, 33, 9, 0
994, 497, 2008, 32, 1, 0
996, 498, 4005, 28, 2, 0
998, 499, 3997, 27, 2, 0
1000, 500, 3989, 27, 2, 0
1002, 501, 3979, 29, 3, 0
1004, 502, 3959, 31, 9, 0
1006, 503, 3963, 33, 3, 0
1008, 504, 1981, 34, 0, 0
1010, 505, 3949, 35, 2, 0
1012, 506, 5821, 198, 32, 0
1014, 507, 3933, 38, 2, 0
1016, 508, 3909, 29, 11, 0
1018, 509, 3919, 31, 2, 0
1020, 510, 3911, 63, 2, 0
1022, 511, 3901, 32, 3, 0
1024, 512, 3895, 71, 2, 0
1026, 513, 3887, 27, 3, 0
1028, 514, 5704, 190, 41, 0
1030, 515, 3871, 29, 3, 0
1032, 516, 3863, 61, 3, 0
1034, 517, 3857, 27, 2, 0
1036, 518, 3851, 69, 2, 0
1038, 519, 3831, 23, 8, 0
1040, 520, 3835, 23, 2, 0
1042, 521, 3829, 26, 2, 0
1044, 522, 3821, 26, 2, 0
1046, 523, 3811, 28, 3, 0
1048, 524, 3807, 22, 2, 0
1050, 525, 3785, 27, 9, 0
1052, 526, 1, 26, 2, 0
1054, 527, 3785, 32, 2, 0
1056, 528, 3775, 29, 3, 0
1058, 529, 3771, 36, 2, 0
1060, 530, 3761, 29, 3, 0
1062, 531, 3743, 37, 9, 0
1064, 532, 3749, 30, 2, 0
1066, 533, 3741, 37, 3, 0
1068, 534, 3735, 30, 2, 0
1070, 535, 3727, 34, 3, 0
1072, 536, 3721, 30, 2, 0
1074, 537, 3699, 36, 10, 0
1076, 538, 3705, 29, 3, 0
1078, 539, 3701, 34, 2, 0
1080, 540, 3689, 26, 4, 0
1082, 541, 3687, 32, 2, 0
1084, 542, 3669, 339, 8, 0
1086, 543, 3673, 29, 2, 0
1088, 544, 1, 28, 1, 0
1090, 545, 3659, 31, 2, 0
1092, 546, 3653, 25, 2, 0
1094, 547, 3647, 30, 2, 0
1096, 548, 3625, 22, 9, 0
1098, 549, 3633, 27, 2, 0
1100, 550, 3627, 23, 2, 0
1102, 551, 3621, 34, 2, 0
1104, 552, 3613, 27, 2, 0
1106, 553, 3607, 33, 2, 0
1108, 554, 3589, 30, 8, 0
1110, 555, 3593, 28, 3, 0
1112, 556, 3589, 28, 1, 0
1114, 557, 3581, 37, 2, 0
1116, 558, 3573, 30, 3, 0
1118, 559, 3569, 29, 2, 0
1120, 560, 3545, 32, 11, 0
1122, 561, 3555, 39, 2, 0
1124, 562, 3549, 31, 2, 0
1126, 563, 3543, 29, 2, 0
1128, 564, 3537, 28, 2, 0
1130, 565, 3533, 33, 1, 0
1132, 566, 3507, 28, 11, 0
1134, 567, 3519, 32, 2, 0
1136, 568, 3515, 28, 0, 0
1138, 569, 3507, 29, 1, 0
1140, 570, 8396, 563, 72, 0
1142, 571, 3483, 30, 7, 0
1144, 572, 3489, 48, 1, 0
1146, 573, 3483, 26, 1, 0
1148, 574, 3477, 48, 1, 0
1150, 575, 3471, 26, 1, 0
1152, 576, 3467, 42, 0, 0
1154, 577, 3451, 29, 5, 0
1156, 578, 3453, 40, 1, 0
1158, 579, 3447, 30, 1, 0
1160, 580, 3439, 41, 2, 0
1162, 581, 3435, 32, 1, 0
1164, 582, 3429, 41, 1, 0
1166, 583, 3411, 29, 7, 0
1168, 584, 3419, 43, 0, 0
1170, 585, 3409, 34, 2, 0
1172, 586, 3407, 44, 1, 0
1174, 587, 3401, 34, 1, 0
1176, 588, 3395, 46, 1, 0
1178, 589, 3373, 35, 9, 0
1180, 590, 3383, 41, 1, 0
1182, 591, 3377, 33, 1, 0
1184, 592, 3371, 41, 1, 0
1186, 593, 3365, 33, 1, 0
1188, 594, 3361, 41, 1, 0
1190, 595, 3341, 30, 8, 0
1192, 596, 3349, 33, 1, 0
1194, 597, 3341, 30, 2, 0
1196, 598, 3337, 29, 1, 0
1198, 599, 3333, 29, 1, 0
1200, 600, 3317, 41, 6, 0
1202, 601, 3323, 27, 0, 0
1204, 602, 3315, 25, 1, 0
1206, 603, 3311, 29, 1, 0
1208, 604, 3305, 39, 1, 0
1210, 605, 3299, 28, 1, 0
1212, 606, 3283, 41, 6, 0
1214, 607, 3287, 28, 2, 0
1216, 608, 3283, 33, 1, 0
1218, 609, 3277, 30, 1, 0
1220, 610, 3273, 38, 1, 0
1222, 611, 3267, 32, 1, 0
1224, 612, 3249, 42, 7, 0
1226, 613, 3257, 33, 1, 0
1228, 614, 3249, 33, 2, 0
1230, 615, 3247, 33, 0, 0
1232, 616, 3241, 39, 1, 0
1234, 617, 3233, 33, 2, 0
1236, 618, 3215, 38, 8, 0
1238, 619, 3223, 29, 2, 0
1240, 620, 3219, 39, 1, 0
1242, 621, 3215, 30, 1, 0
1244, 622, 3209, 31, 1, 0
1246, 623, 3195, 83, 6, 0
1248, 624, 3201, 28, 0, 0
1250, 625, 3193, 27, 1, 0
1252, 626, 3189, 27, 1, 0
1254, 627, 3183, 27, 1, 0
1256, 628, 4765, 83, 2, 0
1258, 629, 3161, 28, 7, 0
1260, 630, 3169, 32, 1, 0
1262, 631, 3163, 29, 1, 0
1264, 632, 3157, 37, 2, 0
1266, 633, 4726, 70, 2, 0
1268, 634, 3147, 31, 2, 0
1270, 635, 3129, 30, 8, 0
1272, 636, 4705, 64, 2, 0
1274, 637, 1, 30, 2, 0
1276, 638, 4690, 86, 2, 0
1278, 639, 4678, 63, 3, 0
1280, 640, 4675, 71, 2, 0
1282, 641, 4651, 59, 8, 0
1284, 642, 4660, 59, 2, 0
1286, 643, 4657, 60, 1, 0
1288, 644, 4642, 64, 3, 0
1290, 645, 4642, 57, 1, 0
1292, 646, 4633, 62, 2, 0
1294, 647, 4600, 56, 10, 0
1296, 648, 4621, 56, 1, 0
1298, 649, 4612, 76, 1, 0
1300, 650, 4606, 62, 1, 0
1302, 651, 1535, 27, 0, 0
1304, 652, 4576, 46, 6, 0
1306, 653, 4588, 88, 0, 0
1308, 654, 4579, 50, 1, 0
1310, 655, 4570, 76, 1, 0
1312, 656, 4561, 47, 2, 0
1314, 657, 4558, 77, 1, 0
1316, 658, 4534, 49, 6, 0
1318, 659, 4540, 45, 2, 0
1320, 660, 4537, 44, 1, 0
1322, 661, 4528, 60, 2, 0
1324, 662, 4525, 43, 0, 0
1326, 663, 4513, 56, 2, 0
1328, 664, 4492, 36, 7, 0
1330, 665, 4501, 46, 1, 0
1332, 666, 4492, 35, 2, 0
1334, 667, 4489, 37, 1, 0
1336, 668, 4486, 35, 0, 0
1338, 669, 4477, 41, 1, 0
1340, 670, 4447, 31, 8, 0
1342, 671, 4459, 42, 2, 0
1344, 672, 4456, 30, 1, 0
1346, 673, 4450, 40, 1, 0
1348, 674, 4444, 30, 0, 0
1350, 675, 4435, 42, 1, 0
1352, 676, 4411, 27, 7, 0
1354, 677, 4423, 24, 1, 0
1356, 678, 4417, 24, 1, 0
1358, 679, 4411, 22, 1, 0
1360, 680, 4402, 24, 1, 0
1362, 681, 4381, 29, 6, 0
1364, 682, 4390, 28, 1, 0
1366, 683, 4384, 32, 1, 0
1368, 684, 4378, 33, 1, 0
1370, 685, 4372, 41, 1, 0
1372, 686, 4363, 31, 2, 0
1374, 687, 4342, 33, 6, 0
1376, 688, 4345, 31, 3, 0
1378, 689, 4348, 32, 0, 0
1380, 690, 1448, 33, 0, 0
1382, 691, 4333, 32, 1, 0
1384, 692, 4327, 32, 1, 0
1386, 693, 4303, 43, 7, 0
1388, 694, 1440, 32, 0, 0
1390, 695, 4309, 34, 1, 0
1392, 696, 4300, 28, 2, 0
1394, 697, 4300, 41, 0, 0
1396, 698, 4291, 34, 1, 0
1398, 699, 4267, 39, 7, 0
1400, 700, 5000, 669, 713, 0
1402, 701, 4267, 36, 2, 0
1404, 702, 4264, 58, 1, 0
1406, 703, 4258, 28, 1, 0
1408, 704, 4240, 36, 5, 0
1410, 705, 4249, 26, 0, 0
1412, 706, 4240, 40, 1, 0
1414, 707, 4234, 25, 1, 0
1416, 708, 4228, 58, 1, 0
1418, 709, 4222, 31, 1, 0
1420, 710, 4201, 28, 6, 0
1422, 711, 4210, 33, 1, 0
1424, 712, 4207, 50, 1, 0
1426, 713, 4195, 29, 3, 0
1428, 714, 4195, 29, 1, 0
1430, 715, 4189, 29, 1, 0
1432, 716, 4162, 28, 8, 0
1434, 717, 4177, 33, 1, 0
1436, 718, 4171, 45, 1, 0
1438, 719, 4165, 33, 1, 0
1440, 720, 4159, 42, 1, 0
1442, 721, 4156, 31, 0, 0
1444, 722, 4129, 30, 7, 0
1446, 723, 4141, 30, 1, 0
1448, 724, 4135, 36, 1, 0
1450, 725, 4126, 30, 2, 0
1452, 726, 4126, 43, 1, 0
1454, 727, 4120, 27, 1, 0
1456, 728, 4093, 27, 8, 0
1458, 729, 4111, 28, 0, 0
1460, 730, 4099, 35, 2, 0
1462, 731, 4096, 25, 1, 0
1464, 732, 4090, 24, 1, 0
1466, 733, 4069, 25, 6, 0
1468, 734, 4081, 27, 1, 0
1470, 735, 5434, 702, 679, 0
1472, 736, 5425, 186, 1, 0
1474, 737, 4060, 27, 2, 0
1476, 738, 4057, 28, 1, 0
1478, 739, 4033, 64, 7, 0
1480, 740, 4048, 37, 1, 0
1482, 741, 4042, 51, 1, 0
1484, 742, 4036, 32, 1, 0
1486, 743, 5373, 194, 1, 0
1488, 744, 5365, 177, 1, 0
1490, 745, 5337, 190, 6, 0
1492, 746, 4015, 30, 1, 0
1494, 747, 4012, 44, 0, 0
1496, 748, 4006, 28, 0, 0
1498, 749, 5329, 185, 1, 0
1500, 750, 5325, 169, 1, 0
1502, 751, 5293, 184, 7, 0
1504, 752, 5309, 163, 1, 0
1506, 753, 5301, 174, 1, 0
1508, 754, 5293, 165, 1, 0
1510, 755, 5285, 171, 2, 0
1512, 756, 5281, 162, 1, 0
1514, 757, 3940, 31, 6, 0
1516, 758, 5269, 161, 1, 0
1518, 759, 5261, 168, 1, 0
1520, 760, 1, 29, 0, 0
1522, 761, 5249, 169, 0, 0
1524, 762, 5213, 161, 8, 0
1526, 763, 5233, 163, 1, 0
1528, 764, 5229, 198, 0, 0
1530, 765, 5213, 161, 2, 0
1532, 766, 5213, 196, 1, 0
1534, 767, 5201, 158, 2, 0
1536, 768, 5181, 188, 5, 0
1538, 769, 5193, 154, 1, 0
1540, 770, 5185, 174, 1, 0
1542, 771, 5177, 149, 1, 0
1544, 772, 5173, 167, 1, 0
1546, 773, 5169, 146, 0, 0
1548, 774, 5137, 165, 6, 0
1550, 775, 5153, 140, 1, 0
1552, 776, 5145, 160, 1, 0
1554, 777, 5133, 145, 2, 0
1556, 778, 5133, 152, 1, 0
1558, 779, 5125, 139, 1, 0
1560, 780, 5089, 135, 8, 0
1562, 781, 5113, 131, 1, 0
1564, 782, 5105, 151, 1, 0
1566, 783, 5097, 138, 1, 0
1568, 784, 5093, 145, 1, 0
1570, 785, 5061, 137, 7, 0
1572, 786, 5085, 131, 0, 0
1574, 787, 5069, 167, 2, 0
1576, 788, 5065, 135, 1, 0
1578, 789, 5061, 170, 1, 0
1580, 790, 5053, 127, 1, 0
1582, 791, 5021, 157, 8, 0
1584, 792, 5041, 131, 1, 0
1586, 793, 5037, 121, 0, 0
1588, 794, 5029, 128, 1, 0
1590, 795, 5021, 126, 1, 0
1592, 796, 5017, 125, 1, 0
1594, 797, 4989, 122, 6, 0
1596, 798, 5005, 119, 1, 0
1598, 799, 4993, 120, 2, 0
1600, 800, 4989, 120, 1, 0
1602, 801, 4985, 118, 1, 0
1604, 802, 4973, 116, 2, 0
1606, 803, 4941, 125, 9, 0
1608, 804, 3727, 30, 0, 0
1610, 805, 4961, 124, 1, 0
1612, 806, 1, 33, 0, 0
1614, 807, 4949, 124, 1, 0
1616, 808, 4941, 113, 1, 0
1618, 809, 4913, 117, 7, 0
1620, 810, 4933, 152, 0, 0
1622, 811, 4921, 114, 2, 0
1624, 812, 4913, 148, 2, 0
1626, 813, 4909, 104, 1, 0
1628, 814, 4885, 144, 6, 0
1630, 815, 4901, 101, 0, 0
1632, 816, 4893, 128, 1, 0
1634, 817, 4881, 106, 2, 0
1636, 818, 4881, 115, 1, 0
1638, 819, 4873, 101, 2, 0
1640, 820, 4853, 97, 5, 0
1642, 821, 4865, 98, 1, 0
1644, 822, 4853, 103, 2, 0
1646, 823, 2429, 27, 0, 0
1648, 824, 4845, 103, 1, 0
1650, 825, 1, 30, 0, 0
1652, 826, 4817, 104, 5, 0
1654, 827, 4825, 90, 2, 0
1656, 828, 4821, 89, 1, 0
1658, 829, 1205, 37, 1, 0
1660, 830, 4809, 89, 1, 0
1662, 831, 4805, 87, 1, 0
1664, 832, 4773, 94, 7, 0
1666, 833, 1, 37, 0, 0
1668, 834, 4785, 85, 2, 0
1670, 835, 4781, 81, 1, 0
1672, 836, 4777, 86, 1, 0
1674, 837, 4769, 80, 1, 0
1676, 838, 4753, 82, 4, 0
1678, 839, 4757, 78, 1, 0
1680, 840, 4757, 87, 0, 0
1682, 841, 4749, 78, 1, 0
1684, 842, 4745, 86, 0, 0
1686, 843, 4717, 79, 6, 0
1688, 844, 4725, 81, 2, 0
1690, 845, 4729, 117, 0, 0
1692, 846, 4721, 82, 1, 0
1694, 847, 4713, 116, 1, 0
1696, 848, 4713, 77, 0, 0
1698, 849, 4681, 114, 6, 0
1700, 850, 4697, 76, 1, 0
1702, 851, 4697, 98, 0, 0
1704, 852, 4685, 74, 1, 0
1706, 853, 4681, 98, 1, 0
1708, 854, 4677, 65, 1, 0
1710, 855, 4653, 88, 5, 0
1712, 856, 4661, 67, 2, 0
1714, 857, 4657, 82, 1, 0
1716, 858, 4653, 63, 1, 0
1718, 859, 4649, 81, 1, 0
1720, 860, 4641, 59, 1, 0
1722, 861, 4613, 76, 7, 0
1724, 862, 4633, 59, 1, 0
1726, 863, 4625, 56, 1, 0
1728, 864, 4621, 56, 1, 0
1730, 865, 4617, 71, 1, 0
1732, 866, 4605, 51, 2, 0
1734, 867, 4585, 66, 6, 0
1736, 868, 4605, 49, 0, 0
1738, 869, 4593, 63, 1, 0
1740, 870, 4593, 48, 0, 0
1742, 871, 4581, 58, 2, 0
1744, 872, 5696, 262, 6, 0
1746, 873, 5716, 259, 1, 0
1748, 874, 5711, 304, 1, 0
1750, 875, 5706, 262, 1, 0
1752, 876, 4557, 80, 1, 0
1754, 877, 5691, 254, 1, 0
1756, 878, 5656, 271, 7, 0
1758, 879, 5681, 248, 0, 0
1760, 880, 5671, 270, 1, 0
1762, 881, 5661, 254, 2, 0
1764, 882, 5656, 273, 1, 0
1766, 883, 5646, 253, 2, 0
1768, 884, 5626, 251, 5, 0
1770, 885, 5641, 251, 1, 0
1772, 886, 5626, 256, 2, 0
1774, 887, 1, 35, 0, 0
1776, 888, 5621, 245, 1, 0
1778, 889, 5616, 247, 1, 0
1780, 890, 5576, 247, 7, 0
1782, 891, 5606, 287, 0, 0
1784, 892, 5596, 238, 1, 0
1786, 893, 5586, 270, 2, 0
1788, 894, 4465, 33, 1, 0
1790, 895, 5581, 240, 0, 0
1792, 896, 5541, 244, 7, 0
1794, 897, 5566, 261, 1, 0
1796, 898, 5551, 238, 2, 0
1798, 899, 5551, 255, 1, 0
1800, 900, 5551, 237, 0, 0
1802, 901, 5516, 240, 6, 0
1804, 902, 5531, 233, 1, 0
1806, 903, 5526, 240, 1, 0
1808, 904, 1, 30, 0, 0
1810, 905, 5516, 242, 1, 0
1812, 906, 5511, 230, 1, 0
1814, 907, 5486, 236, 4, 0
1816, 908, 2201, 35, 0, 0
1818, 909, 5491, 226, 1, 0
1820, 910, 5481, 227, 2, 0
1822, 911, 5476, 230, 1, 0
1824, 912, 5471, 246, 1, 0
1826, 913, 5441, 226, 6, 0
1828, 914, 5466, 253, 0, 0
1830, 915, 5461, 224, 0, 0
1832, 916, 5451, 239, 1, 0
1834, 917, 5441, 222, 1, 0
1836, 918, 5431, 231, 2, 0
1838, 919, 5411, 218, 5, 0
1840, 920, 5431, 228, 0, 0
1842, 921, 5421, 216, 1, 0
1844, 922, 5411, 217, 1, 0
1846, 923, 5401, 210, 2, 0
1848, 924, 5401, 218, 1, 0
1850, 925, 5361, 211, 8, 0
1852, 926, 5391, 217, 1, 0
1854, 927, 5391, 258, 0, 0
1856, 928, 5371, 215, 2, 0
1858, 929, 5371, 245, 1, 0
1860, 930, 5346, 735, 5, 0
1862, 931, 5361, 202, 1, 0
1864, 932, 5361, 204, 0, 0
1866, 933, 5346, 223, 2, 0
1868, 934, 5346, 202, 1, 0
1870, 935, 5326, 217, 3, 0
1872, 936, 5311, 200, 5, 0
1874, 937, 5326, 211, 1, 0
1876, 938, 1, 23, 0, 0
1878, 939, 5316, 208, 1, 0
1880, 940, 5311, 198, 1, 0
1882, 941, 5306, 206, 1, 0
1884, 942, 5276, 194, 5, 0
1886, 943, 5291, 201, 1, 0
1888, 944, 5291, 231, 0, 0
1890, 945, 5281, 195, 1, 0
1892, 946, 5276, 225, 1, 0
1894, 947, 5271, 186, 1, 0
1896, 948, 5236, 218, 7, 0
1898, 949, 5261, 188, 1, 0
1900, 950, 5256, 203, 1, 0
1902, 951, 5246, 185, 1, 0
1904, 952, 5236, 203, 2, 0
1906, 953, 5236, 183, 1, 0
1908, 954, 5206, 195, 6, 0
1910, 955, 5221, 178, 2, 0
1912, 956, 5221, 191, 1, 0
1914, 957, 3133, 31, 0, 0
1916, 958, 5211, 186, 1, 0
1918, 959, 1043, 29, 0, 0
1920, 960, 5181, 187, 5, 0
1922, 961, 5196, 223, 0, 0
1924, 962, 5186, 184, 1, 0
1926, 963, 5181, 213, 1, 0
1928, 964, 5176, 178, 1, 0
1930, 965, 5146, 188, 6, 0
1932, 966, 5166, 174, 1, 0
1934, 967, 5156, 165, 2, 0
1936, 968, 5156, 172, 1, 0
1938, 969, 5151, 192, 1, 0
1940, 970, 5146, 171, 1, 0
1942, 971, 5121, 183, 5, 0
1944, 972, 5136, 157, 1, 0
1946, 973, 5131, 174, 1, 0
1948, 974, 5131, 159, 0, 0
1950, 975, 5116, 165, 2, 0
1952, 976, 5116, 199, 1, 0
1954, 977, 5086, 165, 5, 0
1956, 978, 5101, 194, 1, 0
1958, 979, 5101, 165, 0, 0
1960, 980, 5091, 156, 1, 0
1962, 981, 5086, 155, 1, 0
1964, 982, 5081, 184, 1, 0
1966, 983, 5051, 158, 6, 0
1968, 984, 5066, 170, 2, 0
1970, 985, 5066, 156, 1, 0
1972, 986, 5061, 169, 1, 0
1974, 987, 5051, 150, 2, 0
1976, 988, 5051, 163, 1, 0
1978, 989, 6019, 372, 7, 0
1980, 990, 5041, 146, 1, 0
1982, 991, 5036, 145, 1, 0
1984, 992, 5026, 156, 2, 0
1986, 993, 2013, 31, 0, 0
1988, 994, 5001, 139, 5, 0
1990, 995, 6025, 400, 0, 0
1992, 996, 6013, 362, 1, 0
1994, 997, 6001, 354, 2, 0
1996, 998, 5001, 140, 1, 0
1998, 999, 5989, 377, 2, 0
2000, 1000, 5971, 347, 4, 0
2002, 1001, 5989, 348, 0, 0
2004, 1002, 5971, 351, 2, 0
2006, 1003, 5971, 359, 1, 0
2008, 1004, 3981, 31, 0, 0
2010, 1005, 5959, 352, 1, 0
2012, 1006, 5935, 396, 4, 0
2014, 1007, 5947, 342, 1, 0
2016, 1008, 5941, 362, 1, 0
2018, 1009, 5935, 348, 1, 0
2020, 1010, 5935, 366, 0, 0
2022, 1011, 5929, 343, 0, 0
2024, 1012, 5881, 356, 7, 0
2026, 1013, 5917, 337, 0, 0
2028, 1014, 5899, 351, 2, 0
2030, 1015, 4916, 118, 1, 0
2032, 1016, 5893, 347, 1, 0
2034, 1017, 1, 25, 3, 0
2036, 1018, 5887, 345, 0, 0
2038, 1019, 5869, 380, 2, 0
2040, 1020, 5869, 342, 1, 0
2042, 1021, 5863, 372, 1, 0
2044, 1022, 5857, 338, 2, 0
2046, 1023, 5833, 335, 5, 0
2048, 1024, 5845, 327, 2, 0
2050, 1025, 5845, 349, 1, 0
2052, 1026, 5833, 337, 2, 0
2054, 1027, 5833, 338, 1, 0
2056, 1028, 5827, 320, 1, 0
2058, 1029, 5791, 326, 6, 0
2060, 1030, 5821, 368, 0, 0
2062, 1031, 5803, 319, 2, 0
2064, 1032, 5803, 341, 1, 0
2066, 1033, 5791, 322, 2, 0
2068, 1034, 5785, 345, 2, 0
2070, 1035, 5761, 313, 5, 0
2072, 1036, 5773, 336, 2, 0
2074, 1037, 5773, 309, 1, 0
2076, 1038, 5773, 333, 0, 0
2078, 1039, 5767, 313, 1, 0
2080, 1040, 5761, 323, 1, 0
2082, 1041, 1, 25, 3, 0
2084, 1042, 5749, 322, 1, 0
2086, 1043, 4791, 89, 0, 0
2088, 1044, 5737, 319, 1, 0
2090, 1045, 5737, 347, 0, 0
2092, 1046, 5701, 311, 5, 0
2094, 1047, 5725, 332, 0, 0
2096, 1048, 5713, 307, 1, 0
2098, 1049, 5707, 320, 1, 0
2100, 1050, 5707, 302, 0, 0
2102, 1051, 5701, 317, 1, 0
2104, 1052, 5671, 303, 5, 0
2106, 1053, 5689, 307, 1, 0
2108, 1054, 5683, 339, 1, 0
2110, 1055, 5677, 307, 1, 0
2112, 1056, 5671, 330, 1, 0
2114, 1057, 5665, 301, 1, 0
2116, 1058, 5635, 298, 5, 0
2118, 1059, 5653, 290, 1, 0
2120, 1060, 5653, 290, 0, 0
2122, 1061, 5653, 290, 0, 0
2124, 1062, 5641, 307, 1, 0
2126, 1063, 5629, 301, 2, 0
2128, 1064, 5605, 305, 5, 0
2130, 1065, 2815, 35, 0, 0
2132, 1066, 5617, 295, 1, 0
2134, 1067, 5617, 329, 0, 0
2136, 1068, 5599, 293, 2, 0
2138, 1069, 5581, 296, 5, 0
2140, 1070, 5599, 288, 1, 0
2142, 1071, 5593, 281, 1, 0
2144, 1072, 5587, 278, 1, 0
2146, 1073, 5587, 294, 0, 0
2148, 1074, 5575, 288, 1, 0
2150, 1075, 5545, 292, 5, 0
2152, 1076, 5563, 273, 1, 0
2154, 1077, 5569, 288, 0, 0
2156, 1078, 5551, 321, 2, 0
2158, 1079, 5551, 277, 1, 0
2160, 1080, 5551, 271, 0, 0
2162, 1081, 5515, 264, 5, 0
2164, 1082, 5539, 291, 0, 0
2166, 1083, 5527, 272, 2, 0
2168, 1084, 5527, 288, 1, 0
2170, 1085, 5527, 269, 0, 0
2172, 1086, 5509, 283, 2, 0
2174, 1087, 5479, 267, 6, 0
2176, 1088, 5497, 257, 2, 0
2178, 1089, 5497, 258, 1, 0
2180, 1090, 5497, 273, 1, 0
2182, 1091, 5491, 256, 1, 0
2184, 1092, 5491, 263, 0, 0
2186, 1093, 5443, 286, 7, 0
2188, 1094, 5473, 255, 1, 0
2190, 1095, 5473, 276, 0, 0
2192, 1096, 5467, 253, 1, 0
2194, 1097, 5461, 273, 1, 0
2196, 1098, 5425, 257, 6, 0
2198, 1099, 5449, 249, 1, 0
2200, 1100, 5443, 312, 1, 0
2202, 1101, 5443, 257, 0, 0
2204, 1102, 5437, 287, 1, 0
2206, 1103, 5431, 255, 1, 0
2208, 1104, 5395, 265, 6, 0
2210, 1105, 5425, 250, 0, 0
2212, 1106, 5419, 242, 0, 0
2214, 1107, 5413, 245, 1, 0
2216, 1108, 5407, 257, 1, 0
2218, 1109, 902, 26, 0, 0
2220, 1110, 5377, 254, 4, 0
2222, 1111, 5395, 284, 0, 0
2224, 1112, 5389, 248, 0, 0
2226, 1113, 5377, 277, 2, 0
2228, 1114, 5377, 237, 1, 0
2230, 1115, 5365, 267, 2, 0
2232, 1116, 5341, 240, 5, 0
2234, 1117, 6252, 471, 1, 0
2236, 1118, 5365, 234, 0, 0
2238, 1119, 6245, 464, 1, 0
2240, 1120, 1, 27, 0, 0
2242, 1121, 5323, 320, 4, 0
2244, 1122, 6231, 496, 0, 0
2246, 1123, 6217, 449, 2, 0
2248, 1124, 6217, 445, 1, 0
2250, 1125, 6210, 446, 1, 0
2252, 1126, 6203, 468, 1, 0
2254, 1127, 6175, 444, 5, 0
2256, 1128, 6196, 459, 1, 0
2258, 1129, 6189, 440, 1, 0
2260, 1130, 6175, 450, 2, 0
2262, 1131, 6182, 433, 0, 0
2264, 1132, 6168, 430, 2, 0
2266, 1133, 6140, 486, 5, 0
2268, 1134, 6161, 442, 1, 0
2270, 1135, 6147, 456, 2, 0
2272, 1136, 6154, 440, 0, 0
2274, 1137, 6147, 433, 1, 0
2276, 1138, 6140, 435, 1, 0
2278, 1139, 6105, 424, 5, 0
2280, 1140, 5257, 215, 0, 0
2282, 1141, 6126, 425, 1, 0
2284, 1142, 6119, 428, 1, 0
2286, 1143, 6112, 432, 1, 0
2288, 1144, 6105, 423, 1, 0
2290, 1145, 6063, 420, 7, 0
2292, 1146, 6098, 445, 1, 0
2294, 1147, 6091, 425, 1, 0
2296, 1148, 6091, 439, 0, 0
2298, 1149, 6084, 425, 1, 0
2300, 1150, 6042, 435, 6, 0
2302, 1151, 6070, 418, 1, 0
2304, 1152, 6056, 426, 2, 0
2306, 1153, 6063, 454, 1, 0
2308, 1154, 6056, 421, 1, 0
2310, 1155, 6042, 446, 2, 0
2312, 1156, 6014, 412, 5, 0
2314, 1157, 6049, 414, 0, 0
2316, 1158, 6035, 411, 1, 0
2318, 1159, 6028, 420, 1, 0
2320, 1160, 862, 30, 0, 0
2322, 1161, 6021, 421, 1, 0
2324, 1162, 5986, 407, 5, 0
2326, 1163, 6007, 413, 1, 0
2328, 1164, 6000, 435, 1, 0
2330, 1165, 6000, 402, 1, 0
2332, 1166, 5993, 428, 1, 0
2334, 1167, 5993, 404, 0, 0
2336, 1168, 5944, 424, 6, 0
2338, 1169, 5979, 398, 1, 0
2340, 1170, 5972, 407, 1, 0
2342, 1171, 5965, 397, 1, 0
2344, 1172, 5965, 406, 1, 0
2346, 1173, 5951, 642, 1, 0
2348, 1174, 5951, 401, 1, 0
2350, 1175, 5951, 402, 0, 0
2352, 1176, 5951, 398, 0, 0
2354, 1177, 5930, 390, 2, 0
2356, 1178, 5930, 390, 1, 0
2358, 1179, 5888, 387, 6, 0
2360, 1180, 5930, 438, 0, 0
2362, 1181, 5909, 395, 2, 0
2364, 1182, 5902, 386, 2, 0
2366, 1183, 5909, 389, 1, 0
2368, 1184, 5909, 409, 0, 0
2370, 1185, 5874, 385, 4, 0
2372, 1186, 5888, 397, 1, 0
2374, 1187, 843, 29, 0, 0
2376, 1188, 5881, 392, 1, 0
2378, 1189, 4201, 30, 0, 0
2380, 1190, 5874, 371, 1, 0
2382, 1191, 5839, 428, 5, 0
2384, 1192, 5853, 382, 2, 0
2386, 1193, 5860, 370, 1, 0
2388, 1194, 5853, 380, 1, 0
2390, 1195, 5846, 398, 1, 0
2392, 1196, 5839, 378, 1, 0
2394, 1197, 5811, 389, 5, 0
2396, 1198, 4171, 28, 0, 0
2398, 1199, 5818, 366, 2, 0
2400, 1200, 5832, 367, 0, 0
2402, 1201, 5818, 381, 1, 0
2404, 1202, 5783, 405, 5, 0
2406, 1203, 5811, 370, 1, 0
2408, 1204, 5804, 391, 1, 0
2410, 1205, 5797, 359, 1, 0
2412, 1206, 5790, 383, 1, 0
2414, 1207, 5790, 364, 1, 0
2416, 1208, 5762, 378, 4, 0
2418, 1209, 5776, 361, 1, 0
2420, 1210, 5776, 368, 1, 0
2422, 1211, 5776, 397, 0, 0
2424, 1212, 5769, 352, 0, 0
2426, 1213, 5762, 394, 1, 0
2428, 1214, 5741, 362, 3, 0
2430, 1215, 5755, 379, 0, 0
2432, 1216, 5748, 356, 1, 0
2434, 1217, 5741, 349, 1, 0
2436, 1218, 5734, 350, 1, 0
2438, 1219, 5727, 368, 2, 0
2440, 1220, 5699, 348, 5, 0
2442, 1221, 5720, 360, 1, 0
2444, 1222, 5727, 394, 0, 0
2446, 1223, 5720, 356, 0, 0
2448, 1224, 5706, 377, 1, 0
2450, 1225, 5713, 350, 0, 0
2452, 1226, 5678, 372, 4, 0
2454, 1227, 5699, 347, 0, 0
2456, 1228, 5692, 337, 1, 0
2458, 1229, 5685, 341, 1, 0
2460, 1230, 5678, 354, 1, 0
2462, 1231, 5650, 338, 5, 0
2464, 1232, 5678, 332, 0, 0
2466, 1233, 5671, 374, 0, 0
2468, 1234, 5671, 341, 0, 0
2470, 1235, 5664, 358, 0, 0
2472, 1236, 5650, 340, 1, 0
2474, 1237, 5629, 331, 4, 0
2476, 1238, 5650, 326, 0, 0
2478, 1239, 5637, 343, 1, 0
2480, 1240, 4031, 32, 0, 0
2482, 1241, 5629, 341, 1, 0
2484, 1242, 5629, 327, 0, 0
2486, 1243, 5594, 340, 5, 0
2488, 1244, 5622, 318, 0, 0
2490, 1245, 5616, 330, 1, 0
2492, 1246, 5616, 359, 0, 0
2494, 1247, 5602, 325, 1, 0
2496, 1248, 5602, 340, 1, 0
2498, 1249, 5560, 325, 6, 0
2500, 1250, 5595, 315, 0, 0
2502, 1251, 5588, 312, 1, 0
2504, 1252, 5588, 326, 0, 0
2506, 1253, 5581, 364, 0, 0
2508, 1254, 5560, 326, 3, 0
2510, 1255, 5567, 352, 1, 0
2512, 1256, 5574, 307, 0, 0
2514, 1257, 5567, 307, 0, 0
2516, 1258, 5553, 308, 1, 0
2518, 1259, 5553, 333, 1, 0
2520, 1260, 5532, 312, 3, 0
2522, 1261, 5546, 321, 0, 0
2524, 1262, 5546, 346, 0, 0
2526, 1263, 5539, 315, 0, 0
2528, 1264, 5539, 333, 0, 0
2530, 1265, 5532, 312, 0, 0
2532, 1266, 5504, 325, 3, 0
2534, 1267, 5525, 296, 0, 0
2536, 1268, 5511, 314, 1, 0
2538, 1269, 4723, 79, 0, 0
2540, 1270, 5504, 316, 1, 0
2542, 1271, 5504, 304, 0, 0
2544, 1272, 5469, 297, 5, 0
2546, 1273, 5497, 333, 0, 0
2548, 1274, 5490, 302, 0, 0
2550, 1275, 5483, 323, 1, 0
2552, 1276, 5483, 287, 0, 0
2554, 1277, 5476, 289, 0, 0
2556, 1278, 5441, 295, 5, 0
2558, 1279, 5469, 306, 0, 0
2560, 1280, 5455, 281, 2, 0
2562, 1281, 5455, 301, 1, 0
2564, 1282, 5455, 287, 0, 0
2566, 1283, 5434, 297, 3, 0
2568, 1284, 5448, 316, 0, 0
2570, 1285, 5448, 281, 0, 0
2572, 1286, 5441, 306, 0, 0
2574, 1287, 5434, 276, 0, 0
2576, 1288, 5434, 301, 0, 0
2578, 1289, 5406, 280, 3, 0
2580, 1290, 5427, 290, 0, 0
2582, 1291, 5420, 281, 0, 0
2584, 1292, 5413, 286, 0, 0
2586, 1293, 5413, 315, 0, 0
2588, 1294, 5406, 270, 0, 0
2590, 1295, 5378, 280, 4, 0
2592, 1296, 5399, 276, 0, 0
2594, 1297, 5392, 286, 0, 0
2596, 1298, 5392, 274, 0, 0
2598, 1299, 5378, 287, 1, 0
2600, 1300, 4615, 45, 0, 0
2602, 1301, 5350, 279, 4, 0
2604, 1302, 5371, 270, 0, 0
2606, 1303, 5371, 277, 0, 0
2608, 1304, 5357, 300, 1, 0
2610, 1305, 5364, 258, 0, 0
2612, 1306, 5322, 298, 5, 0
2614, 1307, 5357, 258, 0, 0
2616, 1308, 5350, 279, 0, 0
2618, 1309, 5343, 253, 0, 0
2620, 1310, 5336, 275, 1, 0
2622, 1311, 5336, 252, 0, 0
2624, 1312, 5315, 268, 3, 0
2626, 1313, 5329, 295, 0, 0
2628, 1314, 5322, 254, 0, 0
2630, 1315, 5322, 246, 0, 0
2632, 1316, 5315, 261, 0, 0
2634, 1317, 5308, 306, 1, 0
2636, 1318, 5280, 255, 4, 0
2638, 1319, 5308, 264, 0, 0
2640, 1320, 5301, 301, 0, 0
2642, 1321, 5294, 260, 0, 0
2644, 1322, 5294, 246, 0, 0
2646, 1323, 5287, 256, 0, 0
2648, 1324, 5252, 285, 5, 0
2650, 1325, 5280, 243, 0, 0
2652, 1326, 5280, 266, 0, 0
2654, 1327, 5273, 246, 0, 0
2656, 1328, 5266, 257, 0, 0
2658, 1329, 5266, 246, 0, 0
2660, 1330, 5231, 256, 4, 0
2662, 1331, 5259, 286, 0, 0
2664, 1332, 5252, 230, 0, 0
2666, 1333, 5252, 274, 0, 0
2668, 1334, 5245, 230, 0, 0
2670, 1335, 5217, 260, 3, 0
2672, 1336, 5238, 237, 0, 0
2674, 1337, 5231, 232, 0, 0
2676, 1338, 4483, 27, 0, 0
2678, 1339, 5224, 230, 0, 0
2680, 1340, 5224, 270, 0, 0
2682, 1341, 5196, 236, 3, 0
2684, 1342, 5217, 255, 0, 0
2686, 1343, 5210, 229, 0, 0
2688, 1344, 5196, 245, 1, 0
2690, 1345, 5203, 230, 0, 0
2692, 1346, 5196, 240, 0, 0
2694, 1347, 5175, 222, 3, 0
2696, 1348, 5189, 235, 0, 0
2698, 1349, 5189, 222, 0, 0
2700, 1350, 5182, 229, 0, 0
2702, 1351, 5182, 260, 0, 0
2704, 1352, 5175, 217, 0, 0
2706, 1353, 5154, 249, 3, 0
2708, 1354, 5168, 225, 0, 0
2710, 1355, 5161, 214, 0, 0
2712, 1356, 5161, 208, 0, 0
2714, 1357, 5154, 208, 0, 0
2716, 1358, 5140, 216, 2, 0
2718, 1359, 5147, 205, 0, 0
2720, 1360, 5147, 214, 0, 0
2722, 1361, 5140, 207, 0, 0
2724, 1362, 5866, 457, 1, 0
2726, 1363, 5133, 215, 0, 0
2728, 1364, 5834, 418, 4, 0
2730, 1365, 5126, 212, 0, 0
2732, 1366, 5858, 438, 0, 0
2734, 1367, 5118, 205, 0, 0
2736, 1368, 5842, 417, 0, 0
2738, 1369, 5842, 420, 0, 0
2740, 1370, 5802, 407, 4, 0
2742, 1371, 5834, 415, 0, 0
2744, 1372, 5826, 422, 0, 0
2746, 1373, 5818, 442, 1, 0
2748, 1374, 5091, 197, 0, 0
2750, 1375, 5810, 409, 1, 0
2752, 1376, 5770, 412, 5, 0
2754, 1377, 5810, 422, 0, 0
2756, 1378, 5802, 406, 0, 0
2758, 1379, 5794, 419, 1, 0
2760, 1380, 5794, 405, 0, 0
2762, 1381, 5794, 400, 0, 0
2764, 1382, 5754, 436, 4, 0
2766, 1383, 5786, 395, 0, 0
2768, 1384, 5770, 420, 1, 0
2770, 1385, 5770, 389, 0, 0
2772, 1386, 5770, 397, 0, 0
2774, 1387, 4303, 29, 3, 0
2776, 1388, 5754, 414, 1, 0
2778, 1389, 5754, 441, 0, 0
2780, 1390, 5754, 404, 0, 0
2782, 1391, 5738, 390, 1, 0
2784, 1392, 5746, 390, 0, 0
2786, 1393, 5714, 423, 3, 0
2788, 1394, 5738, 384, 0, 0
2790, 1395, 5730, 403, 0, 0
2792, 1396, 5730, 386, 0, 0
2794, 1397, 5722, 403, 0, 0
2796, 1398, 5722, 441, 0, 0
2798, 1399, 5690, 396, 3, 0
2800, 1400, 5714, 387, 0, 0
2802, 1401, 5706, 378, 0, 0
2804, 1402, 5698, 409, 1, 0
2806, 1403, 5690, 386, 1, 0
2808, 1404, 5698, 377, 0, 0
2810, 1405, 5658, 375, 4, 0
2812, 1406, 5690, 395, 0, 0
2814, 1407, 5682, 376, 0, 0
2816, 1408, 5682, 373, 0, 0
2818, 1409, 5674, 416, 0, 0
2820, 1410, 5650, 398, 3, 0
2822, 1411, 5666, 400, 0, 0
2824, 1412, 5666, 374, 0, 0
2826, 1413, 5658, 385, 0, 0
2828, 1414, 5658, 415, 0, 0
2830, 1415, 5650, 379, 0, 0
2832, 1416, 5634, 369, 2, 0
2834, 1417, 5642, 376, 0, 0
2836, 1418, 5642, 390, 0, 0
2838, 1419, 5634, 362, 0, 0
2840, 1420, 5634, 385, 0, 0
2842, 1421, 5626, 362, 0, 0
2844, 1422, 5610, 370, 2, 0
2846, 1423, 5618, 364, 0, 0
2848, 1424, 5618, 373, 0, 0
2850, 1425, 5610, 396, 0, 0
2852, 1426, 5610, 357, 0, 0
2854, 1427, 5594, 383, 1, 0
2856, 1428, 5570, 367, 4, 0
2858, 1429, 5594, 383, 0, 0
2860, 1430, 5594, 363, 0, 0
2862, 1431, 5586, 352, 0, 0
2864, 1432, 5586, 362, 0, 0
2866, 1433, 5578, 367, 0, 0
2868, 1434, 5546, 354, 4, 0
2870, 1435, 5570, 361, 0, 0
2872, 1436, 5570, 395, 0, 0
2874, 1437, 5562, 356, 0, 0
2876, 1438, 5562, 384, 0, 0
2878, 1439, 5538, 354, 2, 0
2880, 1440, 5554, 346, 0, 0
2882, 1441, 5546, 350, 0, 0
2884, 1442, 5546, 342, 0, 0
2886, 1443, 5546, 346, 0, 0
2888, 1444, 5530, 356, 1, 0
2890, 1445, 5522, 395, 2, 0
2892, 1446, 5530, 335, 0, 0
2894, 1447, 5530, 337, 0, 0
2896, 1448, 5522, 339, 0, 0
2898, 1449, 5522, 358, 0, 0
2900, 1450, 5514, 336, 0, 0
2902, 1451, 5490, 329, 3, 0
2904, 1452, 5506, 377, 0, 0
2906, 1453, 5506, 342, 0, 0
2908, 1454, 5498, 371, 0, 0
2910, 1455, 5498, 341, 0, 0
2912, 1456, 5490, 361, 0, 0
2914, 1457, 5466, 338, 3, 0
2916, 1458, 5482, 352, 0, 0
2918, 1459, 5482, 331, 0, 0
2920, 1460, 5466, 349, 1, 0
2922, 1461, 5466, 330, 1, 0
2924, 1462, 5450, 367, 3, 0
2926, 1463, 5466, 315, 0, 0
2928, 1464, 5466, 336, 0, 0
2930, 1465, 5450, 356, 1, 0
2932, 1466, 5458, 328, 0, 0
2934, 1467, 5450, 344, 0, 0
2936, 1468, 5426, 325, 3, 0
2938, 1469, 5442, 310, 0, 0
2940, 1470, 5442, 365, 0, 0
2942, 1471, 5434, 312, 0, 0
2944, 1472, 5434, 359, 0, 0
2946, 1473, 5426, 320, 0, 0
2948, 1474, 5410, 348, 2, 0
2950, 1475, 5426, 320, 0, 0
2952, 1476, 5418, 304, 0, 0
2954, 1477, 5418, 311, 0, 0
2956, 1478, 5410, 326, 0, 0
2958, 1479, 4733, 82, 0, 0
2960, 1480, 5370, 320, 4, 0
2962, 1481, 5402, 342, 0, 0
2964, 1482, 6068, 530, 0, 0
2966, 1483, 5394, 342, 0, 0
2968, 1484, 5386, 296, 0, 0
2970, 1485, 5386, 321, 0, 0
2972, 1486, 5354, 306, 3, 0
2974, 1487, 5378, 317, 0, 0
2976, 1488, 2017, 26, 0, 0
2978, 1489, 5370, 313, 0, 0
2980, 1490, 6041, 557, 0, 0
2982, 1491, 5338, 302, 3, 0
2984, 1492, 6023, 548, 1, 0
2986, 1493, 6023, 514, 0, 0
2988, 1494, 6023, 536, 0, 0
2990, 1495, 6014, 511, 0, 0
2992, 1496, 5346, 311, 0, 0
2994, 1497, 5987, 500, 3, 0
2996, 1498, 6005, 514, 0, 0
2998, 1499, 6005, 537, 0, 0
3000, 1500, 5996, 498, 0, 0
3002, 1501, 5987, 499, 1, 0
3004, 1502, 5978, 507, 1, 0
3006, 1503, 5951, 520, 4, 0
3008, 1504, 5978, 503, 0, 0
3010, 1505, 5969, 493, 1, 0
3012, 1506, 5978, 545, 0, 0
3014, 1507, 5969, 505, 0, 0
3016, 1508, 5969, 537, 0, 0
3018, 1509, 5924, 492, 4, 0
3020, 1510, 5960, 490, 0, 0
3022, 1511, 5951, 496, 0, 0
3024, 1512, 5942, 517, 1, 0
3026, 1513, 5942, 493, 0, 0
3028, 1514, 5915, 503, 3, 0
3030, 1515, 5942, 482, 0, 0
3032, 1516, 5933, 481, 0, 0
3034, 1517, 5924, 520, 1, 0
3036, 1518, 5924, 489, 0, 0
3038, 1519, 5924, 511, 0, 0
3040, 1520, 5888, 486, 3, 0
3042, 1521, 5915, 496, 0, 0
3044, 1522, 3943, 34, 0, 0
3046, 1523, 5906, 494, 0, 0
3048, 1524, 5906, 524, 0, 0
3050, 1525, 5897, 488, 0, 0
3052, 1526, 5861, 476, 4, 0
3054, 1527, 5879, 469, 1, 0
3056, 1528, 5879, 469, 1, 0
3058, 1529, 5888, 477, 0, 0
3060, 1530, 5870, 492, 1, 0
3062, 1531, 5879, 475, 0, 0
3064, 1532, 5834, 486, 4, 0
3066, 1533, 5870, 522, 0, 0
3068, 1534, 5861, 497, 0, 0
3070, 1535, 5852, 503, 1, 0
3072, 1536, 5861, 474, 0, 0
3074, 1537, 5852, 463, 0, 0
3076, 1538, 5816, 473, 4, 0
3078, 1539, 5843, 482, 0, 0
3080, 1540, 5843, 465, 0, 0
3082, 1541, 5834, 475, 1, 0
3084, 1542, 5834, 472, 0, 0
3086, 1543, 5807, 456, 3, 0
3088, 1544, 5825, 489, 0, 0
3090, 1545, 5825, 454, 0, 0
3092, 1546, 5807, 479, 1, 0
3094, 1547, 5816, 449, 0, 0
3096, 1548, 5807, 476, 1, 0
3098, 1549, 3859, 34, 2, 0
3100, 1550, 5807, 464, 0, 0
3102, 1551, 5798, 446, 0, 0
3104, 1552, 5798, 459, 0, 0
3106, 1553, 5789, 450, 0, 0
3108, 1554, 5789, 451, 0, 0
3110, 1555, 5771, 472, 2, 0
3112, 1556, 1927, 32, 0, 0
3114, 1557, 5780, 442, 0, 0
3116, 1558, 5771, 494, 0, 0
3118, 1559, 5771, 431, 0, 0
3120, 1560, 5771, 481, 0, 0
3122, 1561, 5735, 447, 3, 0
3124, 1562, 5762, 465, 0, 0
3126, 1563, 5753, 442, 0, 0
3128, 1564, 5753, 450, 0, 0
3130, 1565, 5753, 439, 0, 0
3132, 1566, 5726, 429, 2, 0
3134, 1567, 5744, 488, 0, 0
3136, 1568, 5735, 441, 0, 0
3138, 1569, 5735, 460, 0, 0
3140, 1570, 5735, 439, 0, 0
3142, 1571, 5726, 427, 0, 0
3144, 1572, 5708, 422, 2, 0
3146, 1573, 5717, 439, 0, 0
3148, 1574, 5717, 426, 0, 0
3150, 1575, 5717, 443, 0, 0
3152, 1576, 5708, 460, 0, 0
3154, 1577, 5708, 436, 0, 0
3156, 1578, 5681, 461, 2, 0
3158, 1579, 5699, 428, 0, 0
3160, 1580, 5699, 447, 0, 0
3162, 1581, 5681, 423, 1, 0
3164, 1582, 5690, 428, 0, 0
3166, 1583, 5681, 457, 0, 0
3168, 1584, 5681, 433, 0, 0
3170, 1585, 5681, 414, 0, 0
3172, 1586, 5672, 411, 0, 0
3174, 1587, 5645, 448, 3, 0
3176, 1588, 5663, 419, 0, 0
3178, 1589, 5654, 436, 1, 0
3180, 1590, 5663, 406, 0, 0
3182, 1591, 5645, 429, 1, 0
3184, 1592, 5636, 410, 2, 0
3186, 1593, 5645, 421, 0, 0
3188, 1594, 5645, 417, 0, 0
3190, 1595, 5645, 415, 0, 0
3192, 1596, 5636, 427, 0, 0
3194, 1597, 5636, 400, 0, 0
3196, 1598, 5609, 425, 2, 0
3198, 1599, 5627, 451, 0, 0
3200, 1600, 5627, 414, 0, 0
3202, 1601, 5618, 432, 0, 0
3204, 1602, 5618, 407, 0, 0
3206, 1603, 5609, 427, 0, 0
3208, 1604, 5582, 391, 3, 0
3210, 1605, 5609, 417, 0, 0
3212, 1606, 4978, 184, 0, 0
3214, 1607, 5600, 411, 0, 0
3216, 1608, 5591, 450, 0, 0
3218, 1609, 5591, 389, 0, 0
3220, 1610, 6172, 641, 4, 0
3222, 1611, 5582, 397, 0, 0
3224, 1612, 5582, 394, 0, 0
3226, 1613, 5582, 395, 0, 0
3228, 1614, 5573, 411, 0, 0
3230, 1615, 5546, 392, 3, 0
3232, 1616, 6182, 598, 0, 0
3234, 1617, 6182, 601, 0, 0
3236, 1618, 6182, 609, 0, 0
3238, 1619, 6162, 625, 1, 0
3240, 1620, 6172, 604, 0, 0
3242, 1621, 6152, 628, 2, 0
3244, 1622, 4313, 35, 0, 0
3246, 1623, 6162, 612, 0, 0
3248, 1624, 6142, 633, 1, 0
3250, 1625, 6142, 601, 1, 0
3252, 1626, 6152, 619, 0, 0
3254, 1627, 6112, 598, 3, 0
3256, 1628, 6142, 608, 0, 0
3258, 1629, 6132, 629, 0, 0
3260, 1630, 6132, 583, 0, 0
3262, 1631, 6122, 612, 1, 0
3264, 1632, 6122, 595, 0, 0
3266, 1633, 6102, 763, 2, 0
3268, 1634, 6122, 589, 0, 0
3270, 1635, 6112, 597, 0, 0
3272, 1636, 6112, 585, 0, 0
3274, 1637, 6102, 594, 0, 0
3276, 1638, 6102, 612, 0, 0
3278, 1639, 6072, 590, 3, 0
3280, 1640, 6092, 590, 0, 0
3282, 1641, 6092, 584, 0, 0
3284, 1642, 6092, 573, 0, 0
3286, 1643, 2433, 31, 0, 0
3288, 1644, 6082, 593, 0, 0
3290, 1645, 6062, 628, 2, 0
3292, 1646, 6072, 583, 0, 0
3294, 1647, 6072, 605, 0, 0
3296, 1648, 6062, 574, 0, 0
3298, 1649, 6062, 594, 0, 0
3300, 1650, 6052, 565, 1, 0
3302, 1651, 6032, 579, 2, 0
3304, 1652, 6052, 559, 0, 0
3306, 1653, 6052, 580, 0, 0
3308, 1654, 6042, 601, 0, 0
3310, 1655, 6042, 575, 0, 0
3312, 1656, 6032, 596, 0, 0
3314, 1657, 6002, 571, 3, 0
3316, 1658, 6032, 552, 0, 0
3318, 1659, 6022, 562, 0, 0
3320, 1660, 6022, 552, 0, 0
3322, 1661, 6022, 560, 0, 0
3324, 1662, 6012, 547, 0, 0
3326, 1663, 5982, 608, 3, 0
3328, 1664, 6012, 566, 0, 0
3330, 1665, 6002, 588, 0, 0
3332, 1666, 6002, 545, 0, 0
3334, 1667, 5992, 577, 1, 0
3336, 1668, 5972, 560, 2, 0
3338, 1669, 5992, 540, 0, 0
3340, 1670, 5982, 597, 0, 0
3342, 1671, 5982, 558, 0, 0
3344, 1672, 5972, 584, 1, 0
3346, 1673, 5972, 538, 0, 0
3348, 1674, 5952, 579, 2, 0
3350, 1675, 5972, 534, 0, 0
3352, 1676, 5962, 554, 0, 0
3354, 1677, 5962, 611, 0, 0
3356, 1678, 5962, 554, 0, 0
3358, 1679, 5952, 577, 0, 0
3360, 1680, 5922, 548, 3, 0
3362, 1681, 5952, 564, 0, 0
3364, 1682, 5942, 530, 0, 0
3366, 1683, 5942, 532, 0, 0
3368, 1684, 4153, 36, 0, 0
3370, 1685, 5932, 551, 0, 0
3372, 1686, 5902, 572, 3, 0
3374, 1687, 5922, 540, 0, 0
3376, 1688, 5922, 525, 0, 0
3378, 1689, 5922, 541, 0, 0
3380, 1690, 5912, 554, 0, 0
3382, 1691, 5872, 533, 4, 0
3384, 1692, 5912, 543, 0, 0
3386, 1693, 5902, 556, 0, 0
3388, 1694, 5902, 524, 0, 0
3390, 1695, 5902, 554, 0, 0
3392, 1696, 5892, 528, 0, 0
3394, 1697, 5872, 522, 2, 0
3396, 1698, 5892, 516, 0, 0
3398, 1699, 5882, 517, 0, 0
3400, 1700, 5882, 522, 0, 0
3402, 1701, 5882, 510, 0, 0
3404, 1702, 5872, 547, 0, 0
3406, 1703, 5852, 525, 2, 0
3408, 1704, 5872, 538, 0, 0
3410, 1705, 5862, 509, 0, 0
3412, 1706, 5862, 532, 0, 0
3414, 1707, 5852, 553, 0, 0
3416, 1708, 5852, 523, 0, 0
3418, 1709, 5822, 548, 3, 0
3420, 1710, 5842, 517, 0, 0
3422, 1711, 5842, 506, 0, 0
3424, 1712, 5842, 500, 0, 0
3426, 1713, 5832, 503, 0, 0
3428, 1714, 5812, 502, 2, 0
3430, 1715, 5832, 522, 0, 0
3432, 1716, 5822, 543, 0, 0
3434, 1717, 5822, 513, 0, 0
3436, 1718, 5822, 539, 0, 0
3438, 1719, 5812, 506, 0, 0
3440, 1720, 5792, 527, 2, 0
3442, 1721, 5812, 492, 0, 0
3444, 1722, 5802, 518, 0, 0
3446, 1723, 2901, 30, 0, 0
3448, 1724, 5802, 511, 0, 0
3450, 1725, 5792, 537, 0, 0
3452, 1726, 5762, 501, 3, 0
3454, 1727, 5792, 528, 0, 0
3456, 1728, 5782, 496, 0, 0
3458, 1729, 5782, 520, 0, 0
3460, 1730, 6360, 711, 0, 0
3462, 1731, 5752, 1053, 2, 0
3464, 1732, 4041, 37, 0, 0
3466, 1733, 5772, 499, 0, 0
3468, 1734, 5762, 518, 0, 0
3470, 1735, 5762, 491, 0, 0
3472, 1736, 6338, 735, 0, 0
3474, 1737, 6327, 690, 0, 0
3476, 1738, 5722, 483, 3, 0
3478, 1739, 6327, 700, 0, 0
3480, 1740, 6316, 707, 0, 0
3482, 1741, 6316, 735, 0, 0
3484, 1742, 6316, 707, 0, 0
3486, 1743, 6305, 727, 0, 0
3488, 1744, 6283, 696, 2, 0
3490, 1745, 6305, 712, 0, 0
3492, 1746, 5722, 467, 0, 0
3494, 1747, 6283, 686, 1, 0
3496, 1748, 6294, 689, 0, 0
3498, 1749, 6283, 682, 0, 0
3500, 1750, 6250, 687, 3, 0
3502, 1751, 6283, 691, 0, 0
3504, 1752, 6261, 681, 1, 0
3506, 1753, 6261, 690, 1, 0
3508, 1754, 6261, 701, 1, 0
3510, 1755, 6228, 676, 3, 0
3512, 1756, 6261, 696, 0, 0
3514, 1757, 6261, 680, 0, 0
3516, 1758, 6250, 689, 0, 0
3518, 1759, 6250, 673, 0, 0
3520, 1760, 6250, 673, 0, 0
3522, 1761, 6217, 704, 3, 0
3524, 1762, 3403, 31, 0, 0
3526, 1763, 6239, 689, 0, 0
3528, 1764, 6239, 714, 0, 0
3530, 1765, 6228, 667, 0, 0
3532, 1766, 6228, 706, 0, 0
3534, 1767, 6206, 663, 2, 0
3536, 1768, 6217, 691, 0, 0
3538, 1769, 6217, 666, 0, 0
3540, 1770, 6217, 683, 0, 0
3542, 1771, 6206, 717, 0, 0
3544, 1772, 6206, 675, 0, 0
3546, 1773, 6173, 698, 3, 0
3548, 1774, 6195, 668, 0, 0
3550, 1775, 6195, 687, 0, 0
3552, 1776, 6195, 666, 0, 0
3554, 1777, 6184, 673, 0, 0
3556, 1778, 4498, 39, 0, 0
3558, 1779, 6184, 667, 0, 0
3560, 1780, 6173, 679, 0, 0
3562, 1781, 6173, 659, 0, 0
3564, 1782, 6173, 680, 0, 0
3566, 1783, 4490, 52, 0, 0
3568, 1784, 6140, 667, 2, 0
3570, 1785, 6162, 679, 0, 0
3572, 1786, 6162, 659, 0, 0
3574, 1787, 6151, 679, 0, 0
3576, 1788, 6151, 653, 0, 0
3578, 1789, 6151, 672, 0, 0
3580, 1790, 6118, 652, 2, 0
3582, 1791, 6140, 660, 0, 0
3584, 1792, 6140, 634, 0, 0
3586, 1793, 6129, 635, 0, 0
3588, 1794, 6129, 635, 0, 0
3590, 1795, 6129, 652, 0, 0
3592, 1796, 6096, 631, 2, 0
3594, 1797, 6118, 642, 0, 0
3596, 1798, 6118, 664, 0, 0
3598, 1799, 3337, 31, 0, 0
3600, 1800, 6107, 655, 0, 0
3602, 1801, 6107, 640, 0, 0
3604, 1802, 6074, 647, 3, 0
3606, 1803, 6096, 670, 0, 0
3608, 1804, 6096, 639, 0, 0
3610, 1805, 6096, 663, 0, 0
3612, 1806, 6085, 634, 0, 0
3614, 1807, 6063, 652, 2, 0
3616, 1808, 3319, 28, 0, 0
3618, 1809, 6074, 616, 0, 0
3620, 1810, 6074, 628, 0, 0
3622, 1811, 6074, 638, 0, 0
3624, 1812, 6074, 615, 0, 0
3626, 1813, 6041, 615, 2, 0
3628, 1814, 6063, 621, 0, 0
3630, 1815, 6063, 622, 0, 0
3632, 1816, 6041, 638, 1, 0
3634, 1817, 6052, 662, 0, 0
3636, 1818, 6052, 631, 0, 0
3638, 1819, 6019, 647, 2, 0
3640, 1820, 6041, 628, 0, 0
3642, 1821, 6041, 629, 0, 0
3644, 1822, 6041, 621, 0, 0
3646, 1823, 6030, 615, 0, 0
3648, 1824, 4386, 44, 0, 0
3650, 1825, 5997, 632, 3, 0
3652, 1826, 6019, 650, 0, 0
3654, 1827, 6019, 621, 0, 0
3656, 1828, 6019, 642, 0, 0
3658, 1829, 6008, 601, 0, 0
3660, 1830, 6008, 603, 0, 0
3662, 1831, 6008, 644, 0, 0
3664, 1832, 6008, 613, 0, 0
3666, 1833, 5997, 629, 0, 0
3668, 1834, 5997, 596, 0, 0
3670, 1835, 5997, 626, 0, 0
3672, 1836, 5953, 594, 3, 0
3674, 1837, 5986, 602, 0, 0
3676, 1838, 5986, 613, 0, 0
3678, 1839, 5975, 607, 0, 0
3680, 1840, 5975, 631, 0, 0
3682, 1841, 5975, 602, 0, 0
3684, 1842, 5953, 624, 2, 0
3686, 1843, 3253, 29, 0, 0
3688, 1844, 5964, 608, 0, 0
3690, 1845, 5964, 592, 0, 0
3692, 1846, 5953, 604, 0, 0
3694, 1847, 5953, 586, 0, 0
3696, 1848, 5931, 593, 2, 0
3698, 1849, 5953, 582, 0, 0
3700, 1850, 3241, 29, 0, 0
3702, 1851, 5942, 607, 0, 0
3704, 1852, 5942, 583, 0, 0
3706, 1853, 5931, 593, 0, 0
3708, 1854, 6434, 834, 3, 0
3710, 1855, 5931, 573, 0, 0
3712, 1856, 6446, 822, 1, 0
3714, 1857, 5920, 586, 0, 0
3716, 1858, 6446, 813, 1, 0
3718, 1859, 3768, 35, 0, 0
3720, 1860, 5887, 592, 2, 0
3722, 1861, 5909, 619, 0, 0
3724, 1862, 6446, 787, 0, 0
3726, 1863, 6434, 819, 0, 0
3728, 1864, 6434, 798, 0, 0
3730, 1865, 6410, 820, 2, 0
3732, 1866, 5898, 576, 0, 0
3734, 1867, 5887, 585, 0, 0
3736, 1868, 6422, 789, 0, 0
3738, 1869, 6422, 793, 0, 0
3740, 1870, 6410, 817, 0, 0
3742, 1871, 6386, 789, 2, 0
3744, 1872, 6410, 807, 0, 0
3746, 1873, 6410, 775, 0, 0
3748, 1874, 6386, 795, 1, 0
3750, 1875, 6398, 821, 0, 0
3752, 1876, 6398, 792, 0, 0
3754, 1877, 6362, 776, 2, 0
3756, 1878, 6386, 783, 0, 0
3758, 1879, 6386, 805, 0, 0
3760, 1880, 6386, 780, 0, 0
3762, 1881, 6374, 791, 0, 0
3764, 1882, 3187, 30, 0, 0
3766, 1883, 6338, 764, 3, 0
3768, 1884, 6362, 768, 0, 0
3770, 1885, 6362, 778, 0, 0
3772, 1886, 6362, 789, 0, 0
3774, 1887, 6362, 774, 0, 0
3776, 1888, 6326, 767, 2, 0
3778, 1889, 6350, 776, 0, 0
3780, 1890, 6350, 782, 0, 0
3782, 1891, 6350, 804, 0, 0
3784, 1892, 6338, 772, 0, 0
3786, 1893, 6338, 758, 0, 0
3788, 1894, 6314, 767, 2, 0
3790, 1895, 6326, 776, 0, 0
3792, 1896, 3163, 25, 0, 0
3794, 1897, 6326, 774, 0, 0
3796, 1898, 6326, 808, 0, 0
3798, 1899, 6314, 766, 0, 0
3800, 1900, 6278, 790, 3, 0
3802, 1901, 6314, 762, 0, 0
3804, 1902, 6302, 748, 0, 0
3806, 1903, 6302, 755, 0, 0
3808, 1904, 6302, 770, 0, 0
3810, 1905, 3151, 31, 0, 0
3812, 1906, 6254, 742, 3, 0
3814, 1907, 6290, 747, 0, 0
3816, 1908, 6290, 760, 0, 0
3818, 1909, 6290, 781, 0, 0
3820, 1910, 6278, 748, 0, 0
3822, 1911, 6278, 772, 0, 0
3824, 1912, 6230, 746, 4, 0
3826, 1913, 6266, 759, 0, 0
3828, 1914, 6266, 790, 0, 0
3830, 1915, 6266, 754, 0, 0
3832, 1916, 6266, 779, 0, 0
3834, 1917, 6230, 749, 2, 0
3836, 1918, 6254, 720, 0, 0
3838, 1919, 6254, 746, 0, 0
3840, 1920, 6254, 730, 0, 0
3842, 1921, 6242, 783, 0, 0
3844, 1922, 6242, 718, 0, 0
3846, 1923, 6218, 719, 2, 0
3848, 1924, 6230, 718, 0, 0
3850, 1925, 6230, 748, 0, 0
3852, 1926, 5192, 286, 0, 0
3854, 1927, 6230, 745, 0, 0
3856, 1928, 6218, 758, 0, 0
3858, 1929, 6194, 737, 2, 0
3860, 1930, 6218, 761, 0, 0
3862, 1931, 6218, 721, 0, 0
3864, 1932, 6206, 742, 0, 0
3866, 1933, 6206, 719, 0, 0
3868, 1934, 6206, 740, 0, 0
3870, 1935, 6170, 757, 3, 0
3872, 1936, 6194, 727, 0, 0
3874, 1937, 6194, 718, 0, 0
3876, 1938, 6194, 706, 0, 0
3878, 1939, 6182, 746, 0, 0
3880, 1940, 6158, 722, 2, 0
3882, 1941, 6182, 711, 0, 0
3884, 1942, 6182, 701, 0, 0
3886, 1943, 6170, 724, 0, 0
3888, 1944, 6170, 709, 0, 0
3890, 1945, 6170, 717, 0, 0
3892, 1946, 6146, 745, 2, 0
3894, 1947, 6158, 708, 0, 0
3896, 1948, 6158, 697, 0, 0
3898, 1949, 6158, 701, 0, 0
3900, 1950, 6158, 720, 0, 0
3902, 1951, 6146, 746, 0, 0
3904, 1952, 6122, 711, 2, 0
3906, 1953, 6146, 724, 0, 0
3908, 1954, 6146, 711, 0, 0
3910, 1955, 6134, 718, 0, 0
3912, 1956, 3578, 27, 0, 0
3914, 1957, 6134, 714, 0, 0
3916, 1958, 6098, 797, 2, 0
3918, 1959, 6122, 708, 0, 0
3920, 1960, 6122, 738, 0, 0
3922, 1961, 6122, 708, 0, 0
3924, 1962, 6110, 719, 0, 0
3926, 1963, 6110, 693, 0, 0
3928, 1964, 7073, 1144, 4, 0
3930, 1965, 6110, 688, 0, 0
3932, 1966, 6098, 699, 0, 0
3934, 1967, 6098, 687, 0, 0
3936, 1968, 6098, 696, 0, 0
3938, 1969, 6074, 681, 2, 0
3940, 1970, 6086, 683, 0, 0
3942, 1971, 6086, 678, 0, 0
3944, 1972, 6086, 682, 0, 0
3946, 1973, 6086, 673, 0, 0
3948, 1974, 6074, 679, 0, 0
3950, 1975, 6038, 673, 3, 0
3952, 1976, 6074, 710, 0, 0
3954, 1977, 5568, 464, 0, 0
3956, 1978, 6062, 690, 0, 0
3958, 1979, 6062, 724, 0, 0
3960, 1980, 6062, 667, 0, 0
3962, 1981, 6528, 887, 3, 0
3964, 1982, 6554, 895, 0, 0
3966, 1983, 6050, 666, 0, 0
3968, 1984, 5042, 232, 0, 0
3970, 1985, 6050, 687, 0, 0
3972, 1986, 6541, 936, 0, 0
3974, 1987, 6502, 885, 3, 0
3976, 1988, 6038, 693, 0, 0
3978, 1989, 6541, 895, 0, 0
3980, 1990, 6528, 874, 0, 0
3982, 1991, 5524, 439, 0, 0
3984, 1992, 6502, 897, 2, 0
3986, 1993, 6528, 922, 0, 0
3988, 1994, 6515, 880, 0, 0
3990, 1995, 6515, 909, 0, 0
3992, 1996, 6515, 876, 0, 0
3994, 1997, 6502, 891, 0, 0
3996, 1998, 6476, 869, 2, 0
3998, 1999, 6502, 865, 0, 0
4000, 2000, 6502, 865, 0, 0
4002, 2001, 6489, 875, 0, 0
4004, 2002, 6489, 892, 0, 0
4006, 2003, 5990, 653, 0, 0
4008, 2004, 6463, 888, 2, 0
4010, 2005, 6476, 860, 0, 0
4012, 2006, 6476, 873, 0, 0
4014, 2007, 6476, 890, 0, 0
4016, 2008, 6476, 872, 0, 0
4018, 2009, 6476, 890, 0, 0
4020, 2010, 6437, 862, 2, 0
4022, 2011, 6463, 869, 0, 0
4024, 2012, 6463, 907, 0, 0
4026, 2013, 6463, 866, 0, 0
4028, 2014, 6450, 895, 0, 0
4030, 2015, 6424, 1250, 2, 0
4032, 2016, 6450, 880, 0, 0
4034, 2017, 6450, 845, 0, 0
4036, 2018, 6437, 845, 0, 0
4038, 2019, 6437, 870, 0, 0
4040, 2020, 6437, 843, 0, 0
4042, 2021, 6411, 851, 2, 0
4044, 2022, 6424, 851, 0, 0
4046, 2023, 6424, 865, 0, 0
4048, 2024, 6424, 894, 0, 0
4050, 2025, 6424, 855, 0, 0
4052, 2026, 6411, 881, 0, 0
4054, 2027, 6385, 851, 2, 0
4056, 2028, 6411, 839, 0, 0
4058, 2029, 4932, 196, 0, 0
4060, 2030, 6398, 855, 0, 0
4062, 2031, 6398, 838, 0, 0
4064, 2032, 6398, 836, 0, 0
4066, 2033, 6372, 833, 2, 0
4068, 2034, 6385, 843, 0, 0
4070, 2035, 6385, 857, 0, 0
4072, 2036, 6385, 839, 0, 0
4074, 2037, 6385, 851, 0, 0
4076, 2038, 6372, 878, 0, 0
4078, 2039, 6333, 843, 3, 0
4080, 2040, 6372, 829, 0, 0
4082, 2041, 6372, 835, 0, 0
4084, 2042, 6359, 822, 0, 0
4086, 2043, 6359, 833, 0, 0
4088, 2044, 6359, 849, 0, 0
4090, 2045, 2923, 34, 2, 0
4092, 2046, 6359, 817, 0, 0
4094, 2047, 6346, 865, 0, 0
4096, 2048, 6346, 836, 0, 0
4098, 2049, 6346, 859, 0, 0
4100, 2050, 6320, 827, 2, 0
4102, 2051, 6333, 843, 0, 0
4104, 2052, 6333, 867, 0, 0
4106, 2053, 6333, 828, 0, 0
4108, 2054, 6333, 846, 0, 0
4110, 2055, 6320, 814, 0, 0
4112, 2056, 6281, 840, 3, 0
4114, 2057, 6320, 820, 0, 0
4116, 2058, 6320, 822, 0, 0
4118, 2059, 6307, 854, 0, 0
4120, 2060, 6307, 819, 0, 0
4122, 2061, 6307, 843, 0, 0
4124, 2062, 6281, 821, 2, 0
4126, 2063, 6294, 830, 0, 0
4128, 2064, 3874, 57, 0, 0
4130, 2065, 6294, 794, 0, 0
4132, 2066, 6294, 858, 0, 0
4134, 2067, 6294, 816, 0, 0
4136, 2068, 6242, 838, 3, 0
4138, 2069, 6281, 809, 0, 0
4140, 2070, 6281, 825, 0, 0
4142, 2071, 4832, 156, 0, 0
4144, 2072, 6268, 816, 0, 0
4146, 2073, 6242, 798, 2, 0
4148, 2074, 6268, 810, 0, 0
4150, 2075, 6268, 825, 0, 0
4152, 2076, 6255, 796, 0, 0
4154, 2077, 6255, 788, 0, 0
4156, 2078, 3368, 32, 0, 0
4158, 2079, 6229, 810, 2, 0
4160, 2080, 6255, 777, 0, 0
4162, 2081, 6242, 801, 0, 0
4164, 2082, 6242, 818, 0, 0
4166, 2083, 6242, 796, 0, 0
4168, 2084, 6242, 806, 0, 0
4170, 2085, 6203, 787, 2, 0
4172, 2086, 6229, 799, 0, 0
4174, 2087, 6229, 771, 0, 0
4176, 2088, 6229, 796, 0, 0
4178, 2089, 6216, 799, 0, 0
4180, 2090, 6216, 785, 0, 0
4182, 2091, 6177, 803, 3, 0
4184, 2092, 3348, 30, 0, 0
4186, 2093, 6216, 794, 0, 0
4188, 2094, 6203, 827, 0, 0
4190, 2095, 6203, 790, 0, 0
4192, 2096, 6203, 817, 0, 0
4194, 2097, 6164, 757, 3, 0
4196, 2098, 6190, 759, 0, 0
4198, 2099, 6190, 779, 0, 0
4200, 2100, 6190, 800, 0, 0
4202, 2101, 6190, 775, 0, 0
4204, 2102, 6164, 829, 2, 0
4206, 2103, 6177, 802, 0, 0
4208, 2104, 6177, 773, 0, 0
4210, 2105, 6652, 1005, 0, 0
4212, 2106, 4277, 44, 0, 0
4214, 2107, 6164, 783, 0, 0
4216, 2108, 6138, 752, 2, 0
4218, 2109, 6164, 777, 0, 0
4220, 2110, 6638, 1008, 0, 0
4222, 2111, 6624, 977, 0, 0
4224, 2112, 6624, 993, 0, 0
4226, 2113, 6151, 763, 0, 0
4228, 2114, 6596, 965, 2, 0
4230, 2115, 6624, 1020, 0, 0
4232, 2116, 6610, 983, 0, 0
4234, 2117, 6596, 982, 1, 0
4236, 2118, 6610, 977, 0, 0
4238, 2119, 6596, 997, 1, 0
4240, 2120, 5618, 542, 3, 0
4242, 2121, 6596, 976, 0, 0
4244, 2122, 6596, 1001, 0, 0
4246, 2123, 6596, 974, 0, 0
4248, 2124, 6596, 994, 0, 0
4250, 2125, 6582, 967, 0, 0
4252, 2126, 6540, 985, 3, 0
4254, 2127, 6582, 960, 0, 0
4256, 2128, 6582, 973, 0, 0
4258, 2129, 6568, 995, 0, 0
4260, 2130, 6554, 965, 1, 0
4262, 2131, 6540, 979, 2, 0
4264, 2132, 6568, 956, 0, 0
4266, 2133, 6568, 1005, 0, 0
4268, 2134, 6554, 990, 0, 0
4270, 2135, 6554, 964, 0, 0
4272, 2136, 6554, 953, 0, 0
4274, 2137, 6526, 959, 2, 0
4276, 2138, 6554, 969, 0, 0
4278, 2139, 6540, 995, 0, 0
4280, 2140, 6540, 957, 0, 0
4282, 2141, 6540, 987, 0, 0
4284, 2142, 6540, 948, 0, 0
4286, 2143, 6498, 941, 2, 0
4288, 2144, 3264, 29, 0, 0
4290, 2145, 6526, 940, 0, 0
4292, 2146, 6526, 990, 0, 0
4294, 2147, 6526, 942, 0, 0
4296, 2148, 6512, 939, 0, 0
4298, 2149, 6470, 938, 3, 0
4300, 2150, 6512, 962, 0, 0
4302, 2151, 6512, 930, 0, 0
4304, 2152, 6498, 951, 0, 0
4306, 2153, 6498, 977, 0, 0
4308, 2154, 6470, 953, 2, 0
4310, 2155, 6498, 964, 0, 0
4312, 2156, 6498, 935, 0, 0
4314, 2157, 6484, 943, 0, 0
4316, 2158, 6484, 984, 0, 0
4318, 2159, 6484, 949, 0, 0
4320, 2160, 6456, 976, 2, 0
4322, 2161, 6484, 919, 0, 0
4324, 2162, 6470, 945, 0, 0
4326, 2163, 6470, 927, 0, 0
4328, 2164, 6470, 913, 0, 0
4330, 2165, 6470, 970, 0, 0
4332, 2166, 6414, 925, 3, 0
4334, 2167, 6456, 954, 0, 0
4336, 2168, 6456, 908, 0, 0
4338, 2169, 6456, 936, 0, 0
4340, 2170, 6456, 909, 0, 0
4342, 2171, 6442, 932, 0, 0
4344, 2172, 6414, 957, 2, 0
4346, 2173, 6442, 924, 0, 0
4348, 2174, 6442, 955, 0, 0
4350, 2175, 6442, 924, 0, 0
4352, 2176, 6428, 903, 0, 0
4354, 2177, 6428, 915, 0, 0
4356, 2178, 6386, 932, 3, 0
4358, 2179, 6428, 955, 0, 0
4360, 2180, 6428, 899, 0, 0
4362, 2181, 6414, 943, 0, 0
4364, 2182, 6414, 910, 0, 0
4366, 2183, 6386, 924, 2, 0
4368, 2184, 5956, 692, 0, 0
4370, 2185, 6400, 915, 0, 0
4372, 2186, 6400, 940, 0, 0
4374, 2187, 6400, 910, 0, 0
4376, 2188, 6400, 927, 0, 0
4378, 2189, 6372, 889, 2, 0
4380, 2190, 6386, 917, 0, 0
4382, 2191, 6386, 943, 0, 0
4384, 2192, 6386, 909, 0, 0
4386, 2193, 6386, 931, 0, 0
4388, 2194, 6386, 886, 0, 0
4390, 2195, 6344, 924, 2, 0
4392, 2196, 5007, 247, 0, 0
4394, 2197, 6372, 900, 0, 0
4396, 2198, 6372, 891, 0, 0
4398, 2199, 6372, 895, 0, 0
4400, 2200, 6358, 924, 0, 0
4402, 2201, 6316, 893, 3, 0
4404, 2202, 6358, 956, 0, 0
4406, 2203, 3179, 32, 0, 0
4408, 2204, 6358, 876, 0, 0
4410, 2205, 6344, 919, 0, 0
4412, 2206, 6344, 875, 0, 0
4414, 2207, 6316, 915, 2, 0
4416, 2208, 6344, 870, 0, 0
4418, 2209, 6330, 897, 0, 0
4420, 2210, 3618, 31, 0, 0
4422, 2211, 6330, 887, 0, 0
4424, 2212, 6302, 877, 2, 0
4426, 2213, 6330, 886, 0, 0
4428, 2214, 6316, 909, 0, 0
4430, 2215, 6316, 875, 0, 0
4432, 2216, 6316, 864, 0, 0
4434, 2217, 6316, 875, 0, 0
4436, 2218, 6288, 860, 2, 0
4438, 2219, 6302, 893, 0, 0
4440, 2220, 6302, 872, 0, 0
4442, 2221, 6302, 882, 0, 0
4444, 2222, 4502, 30, 0, 0
4446, 2223, 6302, 862, 0, 0
4448, 2224, 6260, 912, 2, 0
4450, 2225, 6288, 876, 0, 0
4452, 2226, 6288, 897, 0, 0
4454, 2227, 6288, 850, 0, 0
4456, 2228, 6288, 889, 0, 0
4458, 2229, 6275, 849, 0, 0
4460, 2230, 6246, 882, 2, 0
4462, 2231, 6274, 856, 0, 0
4464, 2232, 6274, 870, 0, 0
4466, 2233, 6274, 845, 0, 0
4468, 2234, 6261, 861, 0, 0
4470, 2235, 6218, 889, 3, 0
4472, 2236, 6261, 855, 0, 0
4474, 2237, 6261, 868, 0, 0
4476, 2238, 6261, 845, 0, 0
4478, 2239, 6247, 865, 0, 0
4480, 2240, 6246, 877, 0, 0
4482, 2241, 6219, 834, 2, 0
4484, 2242, 6247, 843, 0, 0
4486, 2243, 6247, 847, 0, 0
4488, 2244, 6233, 862, 0, 0
4490, 2245, 6233, 875, 0, 0
4492, 2246, 6233, 841, 0, 0
4494, 2247, 6205, 878, 2, 0
4496, 2248, 6233, 847, 0, 0
4498, 2249, 6219, 863, 0, 0
4500, 2250, 6219, 893, 0, 0
4502, 2251, 6219, 855, 0, 0
4504, 2252, 6219, 838, 0, 0
4506, 2253, 6191, 847, 2, 0
4508, 2254, 6205, 865, 0, 0
4510, 2255, 6205, 839, 0, 0
4512, 2256, 6205, 847, 0, 0
4514, 2257, 6205, 833, 0, 0
4516, 2258, 6205, 817, 0, 0
4518, 2259, 1, 30, 1, 0
4520, 2260, 6191, 838, 0, 0
4522, 2261, 6191, 860, 0, 0
4524, 2262, 6191, 809, 0, 0
4526, 2263, 6191, 858, 0, 0
4528, 2264, 5270, 377, 2, 0
4530, 2265, 6177, 842, 0, 0
4532, 2266, 6177, 865, 0, 0
4534, 2267, 6177, 836, 0, 0
4536, 2268, 6177, 856, 0, 0
4538, 2269, 6177, 831, 0, 0
4540, 2270, 6135, 840, 2, 0
4542, 2271, 6163, 803, 0, 0
4544, 2272, 6163, 801, 0, 0
4546, 2273, 6163, 856, 0, 0
4548, 2274, 6163, 821, 0, 0
4550, 2275, 6149, 847, 0, 0
4552, 2276, 6121, 814, 2, 0
4554, 2277, 6149, 837, 0, 0
4556, 2278, 6149, 794, 0, 0
4558, 2279, 6149, 824, 0, 0
4560, 2280, 6135, 845, 0, 0
4562, 2281, 6135, 816, 0, 0
4564, 2282, 6107, 839, 2, 0
4566, 2283, 3506, 32, 0, 0
4568, 2284, 6135, 827, 0, 0
4570, 2285, 6121, 850, 0, 0
4572, 2286, 6121, 817, 0, 0
4574, 2287, 6093, 795, 2, 0
4576, 2288, 6121, 788, 0, 0
4578, 2289, 6121, 781, 0, 0
4580, 2290, 6107, 801, 0, 0
4582, 2291, 6107, 818, 0, 0
4584, 2292, 6107, 825, 0, 0
4586, 2293, 6079, 810, 2, 0
4588, 2294, 6107, 831, 0, 0
4590, 2295, 6107, 797, 0, 0
4592, 2296, 6093, 813, 0, 0
4594, 2297, 6093, 844, 0, 0
4596, 2298, 6093, 784, 0, 0
4598, 2299, 6065, 829, 2, 0
4600, 2300, 6093, 774, 0, 0
4602, 2301, 6079, 784, 0, 0
4604, 2302, 6079, 790, 0, 0
4606, 2303, 6079, 805, 0, 0
4608, 2304, 6079, 786, 0, 0
4610, 2305, 6051, 771, 2, 0
4612, 2306, 6065, 816, 0, 0
4614, 2307, 6065, 784, 0, 0
4616, 2308, 6065, 827, 0, 0
4618, 2309, 6065, 770, 0, 0
4620, 2310, 6037, 1390, 2, 0
4622, 2311, 6065, 828, 0, 0
4624, 2312, 6051, 789, 0, 0
4626, 2313, 6051, 772, 0, 0
4628, 2314, 6051, 761, 0, 0
4630, 2315, 6051, 804, 0, 0
4632, 2316, 3881, 37, 1, 0
4634, 2317, 6037, 788, 0, 0
4636, 2318, 6037, 805, 0, 0
4638, 2319, 6037, 775, 0, 0
4640, 2320, 6037, 768, 0, 0
4642, 2321, 6037, 760, 0, 0
4644, 2322, 5995, 791, 2, 0
4646, 2323, 3872, 32, 0, 0
4648, 2324, 6023, 776, 0, 0
4650, 2325, 6023, 810, 0, 0
4652, 2326, 6023, 778, 0, 0
4654, 2327, 6023, 787, 0, 0
4656, 2328, 5981, 770, 2, 0
4658, 2329, 6009, 786, 0, 0
4660, 2330, 6009, 799, 0, 0
4662, 2331, 6009, 777, 0, 0
4664, 2332, 6009, 791, 0, 0
4666, 2333, 5995, 767, 0, 0
4668, 2334, 5967, 779, 2, 0
4670, 2335, 5995, 759, 0, 0
4672, 2336, 5995, 746, 0, 0
4674, 2337, 5995, 744, 0, 0
4676, 2338, 5995, 768, 0, 0
4678, 2339, 5953, 793, 2, 0
4680, 2340, 5981, 737, 0, 0
4682, 2341, 5981, 769, 0, 0
4684, 2342, 3845, 33, 0, 0
4686, 2343, 5981, 766, 0, 0
4688, 2344, 5967, 779, 0, 0
4690, 2345, 5939, 764, 2, 0
4692, 2346, 5967, 766, 0, 0
4694, 2347, 5967, 753, 0, 0
4696, 2348, 5967, 757, 0, 0
4698, 2349, 5967, 738, 0, 0
4700, 2350, 5953, 733, 0, 0
4702, 2351, 5925, 771, 2, 0
4704, 2352, 5953, 727, 0, 0
4706, 2353, 5953, 769, 0, 0
4708, 2354, 5953, 741, 0, 0
4710, 2355, 5939, 758, 0, 0
4712, 2356, 5939, 732, 0, 0
4714, 2357, 5911, 747, 2, 0
4716, 2358, 6363, 947, 0, 0
4718, 2359, 6363, 939, 0, 0
4720, 2360, 6363, 942, 0, 0
4722, 2361, 6348, 951, 0, 0
4724, 2362, 6318, 1111, 2, 0
4726, 2363, 6348, 942, 0, 0
4728, 2364, 6348, 931, 0, 0
4730, 2365, 6348, 936, 0, 0
4732, 2366, 6333, 946, 0, 0
4734, 2367, 6333, 964, 0, 0
4736, 2368, 6303, 937, 2, 0
4738, 2369, 6333, 950, 0, 0
4740, 2370, 6333, 974, 0, 0
4742, 2371, 6318, 934, 1, 0
4744, 2372, 6318, 951, 0, 0
4746, 2373, 6318, 973, 0, 0
4748, 2374, 6318, 939, 0, 0
4750, 2375, 6318, 974, 0, 0
4752, 2376, 6318, 941, 0, 0
4754, 2377, 5869, 719, 2, 0
4756, 2378, 3782, 27, 0, 0
4758, 2379, 6303, 943, 0, 0
4760, 2380, 6303, 962, 0, 0
4762, 2381, 6303, 943, 0, 0
4764, 2382, 6303, 915, 0, 0
4766, 2383, 6258, 931, 2, 0
4768, 2384, 6288, 912, 0, 0
4770, 2385, 6288, 921, 0, 0
4772, 2386, 6288, 910, 0, 0
4774, 2387, 6288, 956, 0, 0
4776, 2388, 6288, 925, 0, 0
4778, 2389, 6243, 942, 2, 0
4780, 2390, 6273, 921, 0, 0
4782, 2391, 6273, 933, 0, 0
4784, 2392, 5854, 696, 0, 0
4786, 2393, 6273, 905, 0, 0
4788, 2394, 6273, 960, 0, 0
4790, 2395, 6228, 901, 2, 0
4792, 2396, 6258, 903, 0, 0
4794, 2397, 6258, 896, 0, 0
4796, 2398, 6258, 898, 0, 0
4798, 2399, 6258, 896, 0, 0
4800, 2400, 6213, 1112, 2, 0
4802, 2401, 6243, 950, 0, 0
4804, 2402, 6243, 912, 0, 0
4806, 2403, 6243, 928, 0, 0
4808, 2404, 5826, 676, 0, 0
4810, 2405, 6243, 920, 0, 0
4812, 2406, 6198, 937, 2, 0
4814, 2407, 6228, 891, 0, 0
4816, 2408, 6228, 926, 0, 0
4818, 2409, 6228, 888, 0, 0
4820, 2410, 6228, 893, 0, 0
4822, 2411, 6228, 886, 0, 0
4824, 2412, 6183, 895, 2, 0
4826, 2413, 6213, 888, 0, 0
4828, 2414, 6213, 906, 0, 0
4830, 2415, 6213, 914, 0, 0
4832, 2416, 6213, 886, 0, 0
4834, 2417, 6183, 1013, 2, 0
4836, 2418, 6198, 885, 0, 0
4838, 2419, 6198, 896, 0, 0
4840, 2420, 6198, 882, 0, 0
4842, 2421, 6198, 875, 0, 0
4844, 2422, 6198, 905, 0, 0
4846, 2423, 5757, 666, 2, 0
4848, 2424, 6183, 874, 0, 0
4850, 2425, 6183, 912, 0, 0
4852, 2426, 6183, 888, 0, 0
4854, 2427, 6183, 904, 0, 0
4856, 2428, 4534, 35, 0, 0
4858, 2429, 6153, 894, 2, 0
4860, 2430, 6168, 918, 0, 0
4862, 2431, 6168, 887, 0, 0
4864, 2432, 6168, 900, 0, 0
4866, 2433, 6168, 880, 0, 0
4868, 2434, 6168, 893, 0, 0
4870, 2435, 6138, 920, 2, 0
4872, 2436, 6153, 861, 0, 0
4874, 2437, 6153, 867, 0, 0
4876, 2438, 6153, 871, 0, 0
4878, 2439, 6138, 859, 1, 0
4880, 2440, 6153, 862, 0, 0
4882, 2441, 6108, 882, 2, 0
4884, 2442, 6138, 907, 0, 0
4886, 2443, 6138, 878, 0, 0
4888, 2444, 6138, 892, 0, 0
4890, 2445, 6138, 871, 0, 0
4892, 2446, 6123, 898, 1, 0
4894, 2447, 6123, 864, 0, 0
4896, 2448, 6123, 852, 0, 0
4898, 2449, 6123, 858, 0, 0
4900, 2450, 6123, 865, 0, 0
4902, 2451, 6123, 890, 0, 0
4904, 2452, 6093, 865, 2, 0
4906, 2453, 6108, 866, 0, 0
4908, 2454, 6108, 900, 0, 0
4910, 2455, 6108, 866, 0, 0
4912, 2456, 6108, 850, 0, 0
4914, 2457, 6108, 840, 0, 0
4916, 2458, 6078, 845, 2, 0
4918, 2459, 4072, 35, 0, 0
4920, 2460, 6093, 838, 0, 0
4922, 2461, 6093, 887, 0, 0
4924, 2462, 6093, 855, 0, 0
4926, 2463, 6093, 886, 0, 0
4928, 2464, 6063, 851, 2, 0
4930, 2465, 6093, 862, 0, 0
4932, 2466, 6078, 837, 0, 0
4934, 2467, 6078, 860, 0, 0
4936, 2468, 6078, 837, 0, 0
4938, 2469, 6078, 822, 0, 0
4940, 2470, 6078, 822, 0, 0
4942, 2471, 6078, 885, 0, 0
4944, 2472, 6063, 844, 0, 0
4946, 2473, 6063, 869, 0, 0
4948, 2474, 6063, 810, 0, 0
4950, 2475, 6048, 824, 1, 0
4952, 2476, 5254, 405, 0, 0
4954, 2477, 6063, 850, 0, 0
4956, 2478, 6048, 893, 0, 0
4958, 2479, 6048, 835, 0, 0
4960, 2480, 6451, 1070, 0, 0
4962, 2481, 6018, 813, 2, 0
4964, 2482, 6451, 1062, 0, 0
4966, 2483, 6451, 1042, 0, 0
4968, 2484, 6033, 834, 0, 0
4970, 2485, 6435, 1019, 0, 0
4972, 2486, 6033, 830, 0, 0
4974, 2487, 6403, 1062, 2, 0
4976, 2488, 6435, 1015, 0, 0
4978, 2489, 6435, 1016, 0, 0
4980, 2490, 6419, 1065, 0, 0
4982, 2491, 6419, 1025, 0, 0
4984, 2492, 6419, 1046, 0, 0
4986, 2493, 3982, 32, 3, 0
4988, 2494, 6419, 1053, 0, 0
4990, 2495, 6419, 1007, 0, 0
4992, 2496, 6403, 1007, 0, 0
4994, 2497, 6403, 1061, 0, 0
4996, 2498, 6371, 1031, 2, 0
4998, 2499, 6403, 1006, 0, 0
5000, 2500, 6403, 1071, 0, 0
Program complete!


nios2-terminal: exiting due to ^C on host

nios2-terminal: Warning: The JTAG cable you are using is not supported for Nios
nios2-terminal: II systems.  You may experience intermittent JTAG communication
nios2-terminal: failures with this cable.  Please use a USB Blaster revision B
nios2-terminal: cable or another supported cable.  Please refer to the file
nios2-terminal: errata.txt included in the Nios II development kit documents
nios2-terminal: directory for more information.

