nios2-terminal: connected to hardware target using JTAG UART on cable
nios2-terminal: "USB-Blaster [USB-0]", device 1, instance 0
nios2-terminal: (Use the IDE stop button or Ctrl-C to terminate)

Tight Polling method selected
Please, press PB0 to continue, or change switch position and press PB1
2, 1, 15297, 4, 53324, 0
4, 2, 11606, 6, 33911, 2119
6, 3, 6598, 8, 51100, 12250
8, 4, 7574, 8, 59514, 1
10, 5, 13221, 8, 31667, 0
12, 6, 10550, 8, 7571, 0
14, 7, 12484, 9, 56118, 0
16, 8, 12539, 12, 41790, 0
18, 9, 7612, 13, 27920, 0
20, 10, 10559, 15, 20975, 0
22, 11, 13560, 17, 13113, 0
24, 12, 10877, 19, 623, 0
26, 13, 4962, 21, 61845, 0
28, 14, 9323, 23, 1105, 0
30, 15, 10880, 24, 57741, 0
32, 16, 8273, 27, 52546, 0
34, 17, 11271, 27, 47167, 0
36, 18, 7003, 30, 42180, 0
38, 19, 11774, 33, 43916, 0
40, 20, 14437, 35, 46116, 0
42, 21, 10326, 35, 37426, 0
44, 22, 1360, 33, 19890, 0
46, 23, 2897, 34, 18117, 0
48, 24, 10157, 37, 31229, 0
50, 25, 9504, 41, 28976, 0
52, 26, 12572, 40, 31443, 0
54, 27, 3362, 37, 10652, 0
56, 28, 47, 40, 499, 0
58, 29, 6609, 32, 13644, 0
60, 30, 15893, 51, 32202, 0
62, 31, 13950, 53, 29162, 0
64, 32, 13344, 55, 26236, 0
66, 33, 11934, 53, 22623, 0
68, 34, 10787, 50, 17895, 0
70, 35, 10226, 45, 15686, 0
72, 36, 11423, 49, 17462, 0
74, 37, 9362, 53, 13205, 0
76, 38, 11267, 52, 15962, 0
78, 39, 10721, 67, 18080, 0
80, 40, 6066, 43, 6389, 0
82, 41, 10606, 62, 16888, 0
84, 42, 10433, 61, 15964, 0
86, 43, 10155, 65, 15503, 0
88, 44, 10124, 66, 15523, 0
90, 45, 10738, 73, 15296, 0
92, 46, 11934, 76, 16735, 0
94, 47, 12292, 71, 16689, 0
96, 48, 9623, 58, 9877, 0
98, 49, 9897, 59, 10148, 0
100, 50, 10549, 61, 10868, 0
102, 51, 10981, 70, 11212, 0
104, 52, 10569, 69, 10791, 0
106, 53, 10636, 71, 10850, 0
108, 54, 11268, 71, 11482, 0
110, 55, 11757, 77, 11975, 0
112, 56, 12449, 83, 12744, 0
114, 57, 13257, 86, 13476, 0
116, 58, 13967, 100, 14177, 0
118, 59, 14635, 101, 14831, 0
120, 60, 15047, 104, 15244, 0
122, 61, 15972, 113, 16108, 0
124, 62, 15298, 115, 15489, 0
126, 63, 15047, 110, 14818, 0
128, 64, 15172, 119, 14453, 0
130, 65, 14955, 110, 13871, 0
132, 66, 14749, 118, 13275, 0
134, 67, 14462, 118, 12648, 0
136, 68, 14321, 107, 12520, 0
138, 69, 14112, 118, 11986, 0
140, 70, 13914, 103, 10902, 0
142, 71, 13718, 113, 10819, 0
144, 72, 13525, 106, 10604, 0
146, 73, 13253, 106, 10402, 0
148, 74, 13160, 110, 9197, 0
150, 75, 12992, 101, 8696, 0
152, 76, 12822, 104, 8507, 0
154, 77, 12660, 96, 8135, 0
156, 78, 12441, 101, 7583, 0
158, 79, 12351, 86, 5604, 0
160, 80, 12197, 82, 5364, 0
162, 81, 12055, 75, 4338, 0
164, 82, 11914, 80, 4978, 0
166, 83, 11774, 94, 4105, 0
168, 84, 11585, 73, 3840, 0
170, 85, 11497, 80, 4227, 0
172, 86, 11364, 73, 3435, 0
174, 87, 11230, 64, 2698, 0
176, 88, 11106, 88, 1792, 0
178, 89, 10980, 53, 972, 0
180, 90, 10819, 28, 201, 0
182, 91, 10740, 25, 141, 0
184, 92, 10621, 26, 146, 0
186, 93, 10510, 26, 140, 0
188, 94, 10395, 28, 138, 0
190, 95, 10287, 25, 141, 0
192, 96, 10130, 29, 187, 0
194, 97, 10076, 31, 136, 0
196, 98, 9974, 27, 131, 0
198, 99, 9870, 28, 130, 0
200, 100, 9776, 28, 129, 0
202, 101, 9644, 27, 171, 0
204, 102, 9593, 28, 133, 0
206, 103, 9507, 27, 142, 0
208, 104, 9419, 22, 130, 0
210, 105, 9330, 27, 130, 0
212, 106, 9240, 26, 130, 0
214, 107, 9124, 27, 152, 0
216, 108, 9074, 28, 117, 0
218, 109, 8991, 28, 120, 0
220, 110, 8914, 29, 119, 0
222, 111, 8831, 25, 120, 0
224, 112, 8756, 27, 119, 0
226, 113, 8642, 24, 161, 0
228, 114, 8606, 29, 118, 0
230, 115, 8533, 28, 118, 0
232, 116, 8458, 27, 120, 0
234, 117, 8387, 45, 111, 0
236, 118, 8316, 24, 100, 0
238, 119, 8206, 27, 136, 0
240, 120, 8178, 29, 97, 0
242, 121, 8108, 78, 93, 0
244, 122, 12068, 128, 4107, 0
246, 123, 10620, 127, 2750, 0
248, 124, 10670, 117, 2422, 0
250, 125, 11472, 99, 997, 0
252, 126, 10424, 126, 2626, 0
254, 127, 11568, 101, 1071, 0
256, 128, 11343, 107, 1444, 0
258, 129, 11394, 106, 1323, 0
260, 130, 11256, 116, 1617, 0
262, 131, 11446, 106, 1142, 0
264, 132, 11426, 112, 1224, 0
266, 133, 11154, 107, 1745, 0
268, 134, 11850, 104, 606, 0
270, 135, 11986, 107, 422, 0
272, 136, 11681, 108, 911, 0
274, 137, 11786, 96, 833, 0
276, 138, 12188, 98, 214, 0
278, 139, 12110, 102, 330, 0
280, 140, 11598, 111, 1087, 0
282, 141, 12236, 106, 208, 0
284, 142, 12300, 90, 197, 0
286, 143, 12414, 100, 88, 0
288, 144, 12444, 90, 84, 0
290, 145, 12470, 87, 87, 0
292, 146, 12494, 95, 87, 0
294, 147, 12449, 101, 124, 0
296, 148, 12546, 95, 87, 0
298, 149, 12576, 84, 85, 0
300, 150, 12597, 85, 86, 0
302, 151, 12620, 84, 87, 0
304, 152, 12649, 101, 84, 0
306, 153, 12613, 80, 109, 0
308, 154, 12692, 73, 84, 0
310, 155, 12676, 41, 85, 0
312, 156, 12724, 103, 86, 0
314, 157, 12750, 95, 81, 0
316, 158, 12767, 57, 85, 0
318, 159, 12726, 86, 109, 0
320, 160, 12813, 124, 84, 0
322, 161, 12817, 76, 83, 0
324, 162, 12841, 94, 79, 0
326, 163, 12858, 75, 85, 0
328, 164, 12807, 88, 107, 0
330, 165, 12891, 86, 79, 0
332, 166, 12873, 78, 80, 0
334, 167, 12905, 71, 84, 0
336, 168, 12922, 71, 84, 0
338, 169, 12723, 67, 78, 0
340, 170, 12782, 72, 101, 0
342, 171, 12732, 67, 81, 0
344, 172, 12759, 74, 79, 0
346, 173, 12806, 67, 80, 0
348, 174, 12500, 71, 79, 0
350, 175, 12904, 74, 81, 0
352, 176, 12900, 68, 97, 0
354, 177, 12873, 69, 80, 0
356, 178, 12855, 64, 79, 0
358, 179, 12845, 65, 80, 0
360, 180, 12987, 70, 80, 0
362, 181, 12763, 65, 76, 0
364, 182, 10770, 183, 2749, 0
366, 183, 12888, 95, 75, 0
368, 184, 10708, 187, 2712, 0
370, 185, 10651, 193, 2701, 0
372, 186, 10596, 190, 2689, 0
374, 187, 10511, 191, 2681, 0
376, 188, 10488, 189, 2655, 0
378, 189, 10441, 192, 2632, 0
380, 190, 10396, 193, 2606, 0
382, 191, 11862, 193, 1145, 0
384, 192, 11400, 198, 1599, 0
386, 193, 11914, 172, 1112, 0
388, 194, 11841, 183, 1177, 0
390, 195, 11762, 186, 1246, 0
392, 196, 11481, 183, 1464, 0
394, 197, 11611, 182, 1330, 0
396, 198, 11959, 177, 1063, 0
398, 199, 12349, 174, 673, 0
400, 200, 12263, 169, 722, 0
402, 201, 12599, 186, 478, 0
404, 202, 12262, 180, 790, 0
406, 203, 12342, 194, 702, 0
408, 204, 12660, 164, 468, 0
410, 205, 12585, 174, 491, 0
412, 206, 12646, 176, 472, 0
414, 207, 12892, 165, 299, 0
416, 208, 12954, 161, 244, 0
418, 209, 13188, 171, 93, 0
420, 210, 13124, 164, 114, 0
422, 211, 13248, 157, 81, 0
424, 212, 13219, 159, 83, 0
426, 213, 13260, 164, 78, 0
428, 214, 13244, 160, 82, 0
430, 215, 13250, 165, 83, 0
432, 216, 13212, 167, 101, 0
434, 217, 13281, 160, 76, 0
436, 218, 13287, 149, 78, 0
438, 219, 13465, 30, 44, 0
440, 220, 13304, 175, 78, 0
442, 221, 13343, 165, 59, 0
444, 222, 13355, 129, 63, 0
446, 223, 13304, 157, 89, 0
448, 224, 13360, 160, 74, 0
450, 225, 13350, 138, 80, 0
452, 226, 13405, 156, 60, 0
454, 227, 13395, 137, 66, 0
456, 228, 13366, 138, 72, 0
458, 229, 13420, 141, 60, 0
460, 230, 13424, 136, 63, 0
462, 231, 13416, 144, 71, 0
464, 232, 13459, 136, 60, 0
466, 233, 13476, 139, 60, 0
468, 234, 13419, 136, 72, 0
470, 235, 13502, 131, 61, 0
472, 236, 13508, 143, 49, 0
474, 237, 13500, 131, 63, 0
476, 238, 13518, 140, 53, 0
478, 239, 13536, 132, 52, 0
480, 240, 13469, 131, 73, 0
482, 241, 13547, 126, 49, 0
484, 242, 8137, 29, 44, 1
486, 243, 13570, 135, 44, 0
488, 244, 8072, 30, 44, 1
490, 245, 8044, 28, 43, 1
492, 246, 7973, 32, 61, 1
494, 247, 7976, 29, 44, 1
496, 248, 7947, 30, 43, 1
498, 249, 7913, 28, 44, 1
500, 250, 7882, 30, 43, 1
502, 251, 7823, 30, 56, 1
504, 252, 7817, 30, 44, 1
506, 253, 7790, 76, 43, 1
508, 254, 7754, 27, 43, 1
510, 255, 7727, 30, 43, 1
512, 256, 7697, 25, 42, 1
514, 257, 7634, 30, 58, 2
516, 258, 7637, 29, 43, 2
518, 259, 7607, 62, 43, 2
520, 260, 7577, 29, 42, 2
522, 261, 7548, 69, 42, 2
524, 262, 7519, 28, 43, 2
526, 263, 7465, 83, 55, 2
528, 264, 7459, 27, 43, 2
530, 265, 7434, 67, 42, 2
532, 266, 7406, 30, 42, 1
534, 267, 7376, 119, 45, 2
536, 268, 7350, 30, 42, 2
538, 269, 7290, 79, 59, 2
540, 270, 7297, 30, 43, 2
542, 271, 7268, 55, 42, 2
544, 272, 7241, 29, 43, 2
546, 273, 7214, 65, 43, 2
548, 274, 7216, 29, 56, 1
550, 275, 7171, 55, 44, 2
552, 276, 7356, 35, 42, 1
554, 277, 7325, 43, 43, 2
556, 278, 7733, 25, 42, 1
558, 279, 8138, 41, 43, 1
560, 280, 8505, 23, 51, 1
562, 281, 7170, 44, 42, 1
564, 282, 8713, 25, 41, 1
566, 283, 8873, 30, 41, 1
568, 284, 9043, 31, 41, 1
570, 285, 10011, 30, 42, 1
572, 286, 9316, 27, 59, 1
574, 287, 8728, 32, 41, 1
576, 288, 8088, 31, 40, 1
578, 289, 7458, 40, 39, 1
580, 290, 6848, 44, 39, 1
582, 291, 9242, 33, 55, 1
584, 292, 8917, 29, 40, 1
586, 293, 8741, 33, 41, 1
588, 294, 8382, 38, 37, 1
590, 295, 8787, 35, 39, 1
592, 296, 9137, 36, 39, 1
594, 297, 9478, 36, 56, 1
596, 298, 9880, 25, 40, 1
598, 299, 9686, 25, 42, 1
600, 300, 9819, 67, 38, 1
602, 301, 9790, 29, 41, 1
604, 302, 9761, 73, 40, 1
606, 303, 9685, 29, 53, 1
608, 304, 9687, 59, 43, 1
610, 305, 9659, 30, 42, 1
612, 306, 9627, 55, 41, 1
614, 307, 9597, 34, 42, 1
616, 308, 9566, 54, 42, 1
618, 309, 9485, 30, 54, 1
620, 310, 9503, 41, 40, 1
622, 311, 9472, 30, 41, 1
624, 312, 9439, 42, 40, 1
626, 313, 9415, 28, 41, 1
628, 314, 9348, 37, 54, 1
630, 315, 9355, 30, 41, 1
632, 316, 9324, 36, 43, 1
634, 317, 9294, 30, 41, 1
636, 318, 9265, 33, 40, 1
638, 319, 9237, 28, 40, 1
640, 320, 9180, 35, 53, 1
642, 321, 9181, 29, 41, 1
644, 322, 9162, 34, 31, 1
646, 323, 9132, 28, 40, 1
648, 324, 9110, 34, 39, 1
650, 325, 9082, 39, 41, 1
652, 326, 12022, 29, 54, 0
654, 327, 12043, 27, 39, 0
656, 328, 11984, 29, 39, 0
658, 329, 11974, 27, 40, 0
660, 330, 11935, 28, 40, 0
662, 331, 11853, 27, 52, 0
664, 332, 11865, 29, 41, 0
666, 333, 11828, 67, 42, 0
668, 334, 11796, 29, 41, 0
670, 335, 11756, 64, 39, 0
672, 336, 11718, 30, 39, 0
674, 337, 11646, 58, 53, 0
676, 338, 11647, 30, 41, 0
678, 339, 11615, 45, 39, 0
680, 340, 11581, 31, 40, 0
682, 341, 11544, 45, 41, 0
684, 342, 11515, 29, 40, 0
686, 343, 11421, 46, 52, 0
688, 344, 11446, 29, 40, 0
690, 345, 11413, 39, 40, 0
692, 346, 11379, 29, 40, 0
694, 347, 11347, 38, 40, 0
696, 348, 11312, 29, 39, 0
698, 349, 11255, 40, 48, 0
700, 350, 11249, 28, 41, 0
702, 351, 11212, 33, 39, 0
704, 352, 11182, 31, 41, 0
706, 353, 11145, 30, 39, 0
708, 354, 13842, 23, 49, 0
710, 355, 11087, 29, 39, 0
712, 356, 13815, 74, 38, 0
714, 357, 13781, 29, 37, 0
716, 358, 13733, 63, 40, 0
718, 359, 10964, 31, 34, 0
720, 360, 13602, 76, 48, 0
722, 361, 13622, 29, 38, 0
724, 362, 13585, 38, 35, 0
726, 363, 13554, 28, 36, 0
728, 364, 13516, 45, 33, 0
730, 365, 13472, 25, 33, 0
732, 366, 13371, 38, 48, 0
734, 367, 13405, 27, 35, 0
736, 368, 13376, 32, 39, 0
738, 369, 13338, 27, 34, 0
740, 370, 13297, 35, 34, 0
742, 371, 13180, 27, 51, 0
744, 372, 13223, 31, 34, 0
746, 373, 10559, 31, 32, 0
748, 374, 13156, 30, 34, 0
750, 375, 10506, 30, 34, 0
752, 376, 13085, 30, 34, 0
754, 377, 10412, 27, 37, 0
756, 378, 13022, 28, 34, 0
758, 379, 12982, 55, 34, 0
760, 380, 12945, 27, 33, 0
762, 381, 12909, 50, 36, 0
764, 382, 12876, 26, 33, 0
766, 383, 12797, 44, 44, 0
768, 384, 12813, 27, 32, 0
770, 385, 12773, 37, 34, 0
772, 386, 12747, 29, 33, 0
774, 387, 12711, 28, 35, 0
776, 388, 12678, 21, 33, 0
778, 389, 12588, 31, 45, 0
780, 390, 12614, 26, 32, 0
782, 391, 12580, 31, 35, 0
784, 392, 12551, 27, 35, 0
786, 393, 12517, 31, 35, 0
788, 394, 12440, 29, 45, 0
790, 395, 12650, 30, 34, 0
792, 396, 12642, 76, 34, 0
794, 397, 12706, 29, 33, 0
796, 398, 13092, 66, 36, 0
798, 399, 13110, 29, 41, 0
800, 400, 12660, 62, 43, 0
802, 401, 12475, 39, 35, 0
804, 402, 12448, 36, 32, 0
806, 403, 12455, 28, 34, 0
808, 404, 12856, 46, 34, 0
810, 405, 13073, 27, 33, 0
812, 406, 13366, 36, 45, 0
814, 407, 13605, 24, 34, 0
816, 408, 14308, 26, 35, 0
818, 409, 13864, 28, 33, 0
820, 410, 13790, 27, 34, 0
822, 411, 13753, 28, 43, 0
824, 412, 13402, 29, 34, 0
826, 413, 11064, 27, 26, 0
828, 414, 12407, 35, 34, 0
830, 415, 12081, 49, 33, 0
832, 416, 13146, 34, 33, 0
834, 417, 13312, 31, 42, 0
836, 418, 13703, 31, 40, 0
838, 419, 13209, 47, 35, 0
840, 420, 13251, 40, 31, 0
842, 421, 13545, 103, 31, 0
844, 422, 13620, 39, 30, 0
846, 423, 13695, 77, 41, 0
848, 424, 13899, 31, 32, 0
850, 425, 13863, 40, 28, 0
852, 426, 13831, 27, 29, 0
854, 427, 13793, 35, 29, 0
856, 428, 13719, 29, 37, 0
858, 429, 13739, 41, 29, 0
860, 430, 13649, 29, 41, 0
862, 431, 13665, 36, 29, 0
864, 432, 13641, 32, 29, 0
866, 433, 13610, 34, 28, 0
868, 434, 13524, 27, 38, 0
870, 435, 13550, 24, 30, 0
872, 436, 13519, 114, 29, 0
874, 437, 13488, 30, 28, 0
876, 438, 13453, 88, 29, 0
878, 439, 13422, 28, 31, 0
880, 440, 13332, 37, 39, 0
882, 441, 13369, 28, 27, 0
884, 442, 13334, 55, 29, 0
886, 443, 13311, 28, 27, 0
888, 444, 13274, 50, 29, 0
890, 445, 13255, 27, 27, 0
892, 446, 13135, 45, 43, 0
894, 447, 13194, 29, 29, 0
896, 448, 13162, 37, 28, 0
898, 449, 13142, 32, 25, 0
900, 450, 13107, 28, 27, 0
902, 451, 13025, 27, 38, 0
904, 452, 13047, 32, 28, 0
906, 453, 13015, 47, 27, 0
908, 454, 12984, 30, 30, 0
910, 455, 12963, 84, 25, 0
912, 456, 12932, 30, 28, 0
914, 457, 12856, 75, 35, 0
916, 458, 12886, 30, 25, 0
918, 459, 12854, 32, 26, 0
920, 460, 12829, 29, 23, 0
922, 461, 12792, 29, 24, 0
924, 462, 12807, 26, 35, 0
926, 463, 12704, 31, 29, 0
928, 464, 12729, 30, 15, 0
930, 465, 12699, 29, 20, 0
932, 466, 12682, 28, 18, 0
934, 467, 12649, 36, 16, 0
936, 468, 14424, 60, 29, 0
938, 469, 12538, 32, 23, 0
940, 470, 12577, 104, 15, 0
942, 471, 12553, 32, 16, 0
944, 472, 12530, 92, 14, 0
946, 473, 12505, 33, 12, 0
948, 474, 12430, 81, 23, 0
950, 475, 12457, 29, 13, 0
952, 476, 12423, 54, 14, 0
954, 477, 12408, 40, 14, 0
956, 478, 14384, 38, 30, 0
958, 479, 12355, 30, 15, 0
960, 480, 14265, 39, 36, 0
962, 481, 12303, 30, 14, 0
964, 482, 12280, 36, 10, 0
966, 483, 12259, 32, 12, 0
968, 484, 14202, 32, 30, 0
970, 485, 14179, 29, 26, 0
972, 486, 14084, 40, 35, 0
974, 487, 14122, 88, 24, 0
976, 488, 14089, 37, 27, 0
978, 489, 14069, 131, 24, 0
980, 490, 14034, 30, 25, 0
982, 491, 13949, 68, 32, 0
984, 492, 13977, 29, 24, 0
986, 493, 13946, 65, 27, 0
988, 494, 13907, 28, 22, 0
990, 495, 13894, 57, 26, 0
992, 496, 13861, 30, 24, 0
994, 497, 13791, 32, 33, 0
996, 498, 13798, 30, 25, 0
998, 499, 13843, 44, 22, 0
1000, 500, 13761, 22, 24, 0
1002, 501, 13705, 39, 24, 0
1004, 502, 13707, 27, 22, 0
1006, 503, 13616, 35, 30, 0
1008, 504, 13651, 62, 14, 0
1010, 505, 13632, 31, 18, 0
1012, 506, 13602, 51, 19, 0
1014, 507, 13587, 36, 16, 0
1016, 508, 13557, 71, 14, 0
1018, 509, 13475, 26, 17, 0
1020, 510, 13520, 57, 11, 0
1022, 511, 13508, 30, 9, 0
1024, 512, 13475, 36, 8, 0
1026, 513, 13447, 23, 9, 0
1028, 514, 13366, 59, 19, 0
1030, 515, 13411, 28, 7, 0
1032, 516, 13383, 41, 8, 0
1034, 517, 13370, 27, 7, 0
1036, 518, 13331, 37, 8, 0
1038, 519, 13382, 30, 8, 0
1040, 520, 13304, 51, 12, 0
1042, 521, 13518, 28, 12, 0
1044, 522, 13461, 32, 9, 0
1046, 523, 13385, 30, 10, 0
1048, 524, 13431, 33, 8, 0
1050, 525, 13860, 30, 19, 0
1052, 526, 13501, 37, 21, 0
1054, 527, 13281, 87, 7, 0
1056, 528, 13204, 39, 7, 0
1058, 529, 13243, 87, 7, 0
1060, 530, 13344, 34, 11, 0
1062, 531, 13695, 30, 21, 0
1064, 532, 13796, 31, 21, 0
1066, 533, 14201, 58, 20, 0
1068, 534, 14524, 26, 24, 0
1070, 535, 14432, 34, 23, 0
1072, 536, 14361, 27, 18, 0
1074, 537, 14192, 62, 31, 0
1076, 538, 14007, 27, 20, 0
1078, 539, 13691, 44, 14, 0
1080, 540, 13314, 31, 10, 0
1082, 541, 13689, 31, 13, 0
1084, 542, 13480, 35, 17, 0
1086, 543, 14173, 39, 30, 0
1088, 544, 14129, 119, 21, 0
1090, 545, 14389, 29, 20, 0
1092, 546, 14222, 43, 19, 0
1094, 547, 14260, 32, 19, 0
1096, 548, 14328, 75, 19, 0
1098, 549, 14239, 28, 22, 0
1100, 550, 14296, 61, 11, 0
1102, 551, 14280, 29, 7, 0
1104, 552, 14258, 41, 10, 0
1106, 553, 14227, 31, 7, 0
1108, 554, 14159, 43, 15, 0
1110, 555, 14186, 30, 7, 0
1112, 556, 14176, 37, 5, 0
1114, 557, 14150, 27, 9, 0
1116, 558, 14124, 32, 7, 0
1118, 559, 14105, 28, 6, 0
1120, 560, 14018, 27, 13, 0
1122, 561, 14055, 28, 4, 0
1124, 562, 14036, 25, 6, 0
1126, 563, 14006, 28, 6, 0
1128, 564, 13981, 34, 3, 0
1130, 565, 13956, 29, 6, 0
1132, 566, 13881, 35, 13, 0
1134, 567, 8677, 28, 5, 0
1136, 568, 13883, 35, 5, 0
1138, 569, 13864, 26, 6, 0
1140, 570, 13835, 28, 5, 0
1142, 571, 13816, 31, 5, 0
1144, 572, 13726, 39, 14, 0
1146, 573, 8608, 28, 6, 0
1148, 574, 13743, 39, 4, 0
1150, 575, 13716, 29, 6, 0
1152, 576, 13695, 29, 6, 0
1154, 577, 13620, 27, 8, 0
1156, 578, 13646, 33, 7, 0
1158, 579, 13627, 28, 4, 0
1160, 580, 13598, 30, 5, 0
1162, 581, 13578, 67, 3, 0
1164, 582, 13556, 31, 5, 0
1166, 583, 13474, 26, 11, 0
1168, 584, 13506, 31, 5, 0
1170, 585, 13477, 64, 5, 0
1172, 586, 13462, 31, 6, 0
1174, 587, 13436, 55, 4, 0
1176, 588, 13411, 26, 5, 0
1178, 589, 13317, 70, 12, 0
1180, 590, 13367, 34, 6, 0
1182, 591, 13348, 32, 6, 0
1184, 592, 13319, 34, 6, 0
1186, 593, 13300, 62, 6, 0
1188, 594, 13283, 33, 8, 0
1190, 595, 13183, 60, 13, 0
1192, 596, 13244, 34, 4, 0
1194, 597, 13217, 39, 6, 0
1196, 598, 13198, 30, 4, 0
1198, 599, 14775, 85, 19, 0
1200, 600, 14699, 32, 16, 0
1202, 601, 13142, 42, 5, 0
1204, 602, 13120, 30, 5, 0
1206, 603, 14717, 42, 5, 0
1208, 604, 14687, 30, 5, 0
1210, 605, 13056, 41, 3, 0
1212, 606, 12984, 30, 8, 0
1214, 607, 13013, 40, 6, 0
1216, 608, 14605, 26, 1, 0
1218, 609, 14578, 39, 3, 0
1220, 610, 14555, 31, 3, 0
1222, 611, 14529, 43, 2, 0
1224, 612, 14432, 29, 11, 0
1226, 613, 14485, 33, 2, 0
1228, 614, 14463, 35, 1, 0
1230, 615, 14431, 32, 1, 0
1232, 616, 14618, 401, 41, 0
1234, 617, 14330, 32, 8, 0
1236, 618, 14367, 81, 1, 0
1238, 619, 14340, 34, 1, 0
1240, 620, 14313, 67, 2, 0
1242, 621, 14297, 32, 1, 0
1244, 622, 14270, 74, 2, 0
1246, 623, 14191, 33, 7, 0
1248, 624, 14228, 68, 3, 0
1250, 625, 14200, 31, 1, 0
1252, 626, 14179, 37, 1, 0
1254, 627, 14156, 30, 1, 0
1256, 628, 14133, 66, 1, 0
1258, 629, 14050, 36, 8, 0
1260, 630, 14088, 58, 1, 0
1262, 631, 14066, 29, 1, 0
1264, 632, 14040, 64, 2, 0
1266, 633, 14024, 28, 1, 0
1268, 634, 13993, 66, 2, 0
1270, 635, 13913, 34, 8, 0
1272, 636, 13954, 37, 1, 0
1274, 637, 13931, 29, 2, 0
1276, 638, 13912, 44, 1, 0
1278, 639, 13891, 31, 1, 0
1280, 640, 13840, 62, 7, 0
1282, 641, 13863, 33, 1, 0
1284, 642, 13836, 55, 2, 0
1286, 643, 13871, 29, 0, 0
1288, 644, 13929, 38, 2, 0
1290, 645, 14018, 34, 1, 0
1292, 646, 13888, 56, 6, 0
1294, 647, 13975, 33, 3, 0
1296, 648, 13971, 56, 1, 0
1298, 649, 13942, 32, 2, 0
1300, 650, 14025, 52, 1, 0
1302, 651, 14337, 31, 0, 0
1304, 652, 14068, 33, 6, 0
1306, 653, 13872, 37, 1, 0
1308, 654, 13617, 55, 2, 0
1310, 655, 13756, 36, 1, 0
1312, 656, 13908, 41, 1, 0
1314, 657, 13989, 35, 5, 0
1316, 658, 13968, 37, 10, 0
1318, 659, 14304, 32, 3, 0
1320, 660, 14622, 46, 5, 0
1322, 661, 14867, 38, 5, 0
1324, 662, 14729, 28, 4, 0
1326, 663, 14533, 27, 10, 0
1328, 664, 14458, 31, 6, 0
1330, 665, 14145, 30, 4, 0
1332, 666, 14389, 30, 2, 0
1334, 667, 14427, 31, 2, 0
1336, 668, 13685, 49, 1, 0
1338, 669, 14393, 35, 11, 0
1340, 670, 14633, 40, 5, 0
1342, 671, 14564, 46, 3, 0
1344, 672, 14640, 36, 1, 0
1346, 673, 14619, 89, 2, 0
1348, 674, 14596, 29, 2, 0
1350, 675, 14500, 93, 9, 0
1352, 676, 14555, 41, 3, 0
1354, 677, 14531, 28, 0, 0
1356, 678, 14517, 27, 0, 0
1358, 679, 14492, 75, 2, 0
1360, 680, 14477, 32, 1, 0
1362, 681, 14382, 76, 7, 0
1364, 682, 14446, 30, 0, 0
1366, 683, 14422, 41, 1, 0
1368, 684, 14406, 31, 1, 0
1370, 685, 14390, 56, 0, 0
1372, 686, 14314, 32, 7, 0
1374, 687, 14353, 51, 1, 0
1376, 688, 14331, 33, 1, 0
1378, 689, 14311, 48, 2, 0
1380, 690, 14292, 30, 1, 0
1382, 691, 14269, 49, 1, 0
1384, 692, 14199, 27, 5, 0
1386, 693, 14225, 41, 1, 0
1388, 694, 14204, 30, 2, 0
1390, 695, 14187, 46, 1, 0
1392, 696, 14166, 27, 1, 0
1394, 697, 14148, 43, 1, 0
1396, 698, 14069, 30, 7, 0
1398, 699, 14100, 40, 2, 0
1400, 700, 14090, 29, 0, 0
1402, 701, 14058, 45, 1, 0
1404, 702, 14046, 23, 0, 0
1406, 703, 14023, 43, 1, 0
1408, 704, 13933, 30, 7, 0
1410, 705, 13982, 40, 1, 0
1412, 706, 13958, 30, 2, 0
1414, 707, 13945, 40, 1, 0
1416, 708, 13922, 34, 2, 0
1418, 709, 13851, 33, 5, 0
1420, 710, 13885, 28, 1, 0
1422, 711, 13868, 38, 2, 0
1424, 712, 13845, 27, 1, 0
1426, 713, 13828, 40, 2, 0
1428, 714, 13811, 29, 1, 0
1430, 715, 13733, 32, 7, 0
1432, 716, 13772, 27, 1, 0
1434, 717, 13751, 38, 1, 0
1436, 718, 13733, 27, 1, 0
1438, 719, 13716, 40, 1, 0
1440, 720, 13690, 30, 1, 0
1442, 721, 13628, 42, 6, 0
1444, 722, 13663, 30, 1, 0
1446, 723, 13644, 38, 2, 0
1448, 724, 14917, 57, 1, 0
1450, 725, 14935, 57, 0, 0
1452, 726, 13590, 32, 2, 0
1454, 727, 13516, 29, 7, 0
1456, 728, 14895, 33, 2, 0
1458, 729, 14884, 36, 1, 0
1460, 730, 14866, 32, 1, 0
1462, 731, 14840, 44, 2, 0
1464, 732, 14768, 30, 6, 0
1466, 733, 14800, 41, 1, 0
1468, 734, 14782, 56, 1, 0
1470, 735, 13445, 29, 1, 0
1472, 736, 10750, 29, 0, 0
1474, 737, 14729, 42, 1, 0
1476, 738, 14651, 289, 35, 0
1478, 739, 14689, 36, 1, 0
1480, 740, 14669, 37, 0, 0
1482, 741, 14644, 33, 1, 0
1484, 742, 14626, 48, 1, 0
1486, 743, 14607, 27, 2, 0
1488, 744, 14513, 87, 7, 0
1490, 745, 14569, 29, 0, 0
1492, 746, 14549, 83, 1, 0
1494, 747, 14530, 40, 2, 0
1496, 748, 14512, 31, 0, 0
1498, 749, 14399, 35, 9, 0
1500, 750, 14468, 79, 1, 0
1502, 751, 14453, 34, 0, 0
1504, 752, 14438, 29, 1, 0
1506, 753, 14409, 20, 1, 0
1508, 754, 14393, 65, 1, 0
1510, 755, 14316, 28, 7, 0
1512, 756, 14357, 52, 1, 0
1514, 757, 14335, 28, 1, 0
1516, 758, 14318, 53, 0, 0
1518, 759, 14296, 32, 1, 0
1520, 760, 14278, 27, 1, 0
1522, 761, 14205, 30, 6, 0
1524, 762, 14243, 45, 1, 0
1526, 763, 14214, 33, 2, 0
1528, 764, 14209, 42, 1, 0
1530, 765, 14183, 33, 2, 0
1532, 766, 14118, 54, 6, 0
1534, 767, 14250, 30, 0, 0
1536, 768, 14206, 29, 0, 0
1538, 769, 14254, 32, 1, 0
1540, 770, 14272, 34, 1, 0
1542, 771, 14237, 32, 1, 0
1544, 772, 14269, 33, 6, 0
1546, 773, 7876, 29, 1, 0
1548, 774, 14332, 40, 1, 0
1550, 775, 9592, 30, 0, 0
1552, 776, 14368, 30, 0, 0
1554, 777, 14436, 32, 1, 0
1556, 778, 14446, 29, 7, 0
1558, 779, 8054, 32, 0, 0
1560, 780, 14052, 47, 2, 0
1562, 781, 14296, 33, 1, 0
1564, 782, 14129, 43, 0, 0
1566, 783, 14186, 34, 2, 0
1568, 784, 14302, 45, 7, 0
1570, 785, 11813, 30, 1, 0
1572, 786, 14666, 45, 1, 0
1574, 787, 14856, 36, 2, 0
1576, 788, 14930, 37, 0, 0
1578, 789, 14756, 26, 6, 0
1580, 790, 14711, 39, 1, 0
1582, 791, 14514, 97, 0, 0
1584, 792, 14619, 37, 2, 0
1586, 793, 14694, 66, 0, 0
1588, 794, 14773, 38, 0, 0
1590, 795, 9887, 28, 5, 0
1592, 796, 14828, 37, 0, 0
1594, 797, 14822, 50, 2, 0
1596, 798, 14801, 38, 0, 0
1598, 799, 14791, 92, 0, 0
1600, 800, 14760, 39, 2, 0
1602, 801, 14692, 96, 4, 0
1604, 802, 14723, 36, 2, 0
1606, 803, 14713, 89, 0, 0
1608, 804, 14692, 29, 1, 0
1610, 805, 14684, 27, 1, 0
1612, 806, 14660, 36, 0, 0
1614, 807, 14574, 89, 6, 0
1616, 808, 14632, 33, 0, 0
1618, 809, 14622, 73, 0, 0
1620, 810, 14600, 33, 1, 0
1622, 811, 14587, 73, 1, 0
1624, 812, 14519, 36, 5, 0
1626, 813, 14556, 41, 1, 0
1628, 814, 14537, 39, 1, 0
1630, 815, 14515, 40, 1, 0
1632, 816, 14500, 28, 1, 0
1634, 817, 14474, 60, 2, 0
1636, 818, 14413, 35, 5, 0
1638, 819, 14450, 29, 0, 0
1640, 820, 14426, 27, 2, 0
1642, 821, 14413, 40, 0, 0
1644, 822, 14395, 29, 2, 0
1646, 823, 14381, 50, 1, 0
1648, 824, 14277, 27, 7, 0
1650, 825, 14342, 43, 1, 0
1652, 826, 14325, 30, 1, 0
1654, 827, 14304, 33, 1, 0
1656, 828, 14289, 29, 1, 0
1658, 829, 14269, 41, 1, 0
1660, 830, 14219, 30, 3, 0
1662, 831, 14235, 38, 1, 0
1664, 832, 14217, 28, 1, 0
1666, 833, 14212, 28, 0, 0
1668, 834, 14187, 87, 1, 0
1670, 835, 14124, 32, 4, 0
1672, 836, 14161, 25, 0, 0
1674, 837, 14130, 33, 2, 0
1676, 838, 14122, 67, 1, 0
1678, 839, 14105, 36, 1, 0
1680, 840, 14093, 61, 1, 0
1682, 841, 14012, 34, 6, 0
1684, 842, 14048, 52, 1, 0
1686, 843, 14042, 26, 1, 0
1688, 844, 14011, 55, 2, 0
1690, 845, 14982, 60, 1, 0
1692, 846, 13990, 54, 1, 0
1694, 847, 13909, 29, 5, 0
1696, 848, 14992, 98, 0, 0
1698, 849, 13941, 35, 1, 0
1700, 850, 13912, 29, 3, 0
1702, 851, 13922, 28, 1, 0
1704, 852, 15027, 83, 1, 0
1706, 853, 15020, 35, 1, 0
1708, 854, 15018, 72, 1, 0
1710, 855, 13872, 32, 0, 0
1712, 856, 13789, 52, 5, 0
1714, 857, 14959, 32, 1, 0
1716, 858, 13823, 43, 1, 0
1718, 859, 14927, 36, 1, 0
1720, 860, 14920, 55, 1, 0
1722, 861, 14909, 35, 1, 0
1724, 862, 14814, 32, 6, 0
1726, 863, 14863, 34, 1, 0
1728, 864, 14853, 51, 2, 0
1730, 865, 14837, 34, 0, 0
1732, 866, 14811, 48, 1, 0
1734, 867, 14749, 27, 5, 0
1736, 868, 14785, 43, 0, 0
1738, 869, 9107, 30, 0, 0
1740, 870, 14753, 44, 1, 0
1742, 871, 14722, 31, 1, 0
1744, 872, 14709, 44, 1, 0
1746, 873, 14646, 36, 3, 0
1748, 874, 14667, 30, 2, 0
1750, 875, 12436, 32, 0, 0
1752, 876, 14641, 43, 1, 0
1754, 877, 14624, 31, 1, 0
1756, 878, 14616, 42, 1, 0
1758, 879, 14519, 31, 6, 0
1760, 880, 14585, 41, 0, 0
1762, 881, 13463, 31, 0, 0
1764, 882, 14546, 40, 0, 0
1766, 883, 7832, 28, 0, 0
1768, 884, 14447, 42, 5, 0
1770, 885, 14502, 31, 0, 0
1772, 886, 14472, 38, 2, 0
1774, 887, 14470, 81, 0, 0
1776, 888, 14449, 40, 0, 0
1778, 889, 14432, 91, 1, 0
1780, 890, 14352, 27, 5, 0
1782, 891, 14406, 78, 1, 0
1784, 892, 14398, 35, 1, 0
1786, 893, 14432, 76, 0, 0
1788, 894, 14496, 35, 1, 0
1790, 895, 14573, 72, 1, 0
1792, 896, 14531, 38, 5, 0
1794, 897, 14750, 68, 0, 0
1796, 898, 14698, 39, 0, 0
1798, 899, 14512, 34, 2, 0
1800, 900, 14508, 38, 1, 0
1802, 901, 14544, 69, 1, 0
1804, 902, 14442, 40, 8, 0
1806, 903, 14619, 120, 2, 0
1808, 904, 14694, 35, 0, 0
1810, 905, 14556, 31, 1, 0
1812, 906, 14383, 39, 0, 0
1814, 907, 14144, 42, 5, 0
1816, 908, 14555, 36, 0, 0
1818, 909, 14304, 48, 1, 0
1820, 910, 14432, 41, 1, 0
1822, 911, 14556, 51, 1, 0
1824, 912, 14771, 40, 0, 0
1826, 913, 14816, 49, 6, 0
1828, 914, 8563, 26, 0, 0
1830, 915, 14986, 38, 0, 0
1832, 916, 14879, 95, 0, 0
1834, 917, 14853, 39, 1, 0
1836, 918, 14792, 92, 1, 0
1838, 919, 14864, 40, 3, 0
1840, 920, 14935, 36, 1, 0
1842, 921, 14943, 41, 0, 0
1844, 922, 14950, 78, 0, 0
1846, 923, 14928, 32, 1, 0
1848, 924, 14922, 57, 0, 0
1850, 925, 14825, 41, 6, 0
1852, 926, 14877, 79, 1, 0
1854, 927, 14867, 38, 1, 0
1856, 928, 14838, 68, 2, 0
1858, 929, 14834, 39, 1, 0
1860, 930, 14775, 44, 4, 0
1862, 931, 14797, 39, 2, 0
1864, 932, 14793, 54, 1, 0
1866, 933, 14776, 32, 1, 0
1868, 934, 14768, 30, 1, 0
1870, 935, 14756, 34, 1, 0
1872, 936, 14683, 54, 5, 0
1874, 937, 14733, 30, 1, 0
1876, 938, 14718, 57, 2, 0
1878, 939, 14705, 36, 0, 0
1880, 940, 14688, 60, 1, 0
1882, 941, 14673, 33, 1, 0
1884, 942, 14585, 58, 6, 0
1886, 943, 14635, 32, 1, 0
1888, 944, 14630, 29, 1, 0
1890, 945, 14612, 27, 0, 0
1892, 946, 14592, 55, 0, 0
1894, 947, 14523, 29, 4, 0
1896, 948, 14565, 50, 0, 0
1898, 949, 14555, 31, 0, 0
1900, 950, 14524, 30, 1, 0
1902, 951, 14521, 33, 0, 0
1904, 952, 14505, 32, 0, 0
1906, 953, 14436, 30, 4, 0
1908, 954, 14478, 45, 0, 0
1910, 955, 9310, 28, 0, 0
1912, 956, 14445, 28, 0, 0
1914, 957, 12390, 32, 0, 0
1916, 958, 14407, 47, 1, 0
1918, 959, 14345, 31, 4, 0
1920, 960, 14377, 28, 1, 0
1922, 961, 14364, 88, 0, 0
1924, 962, 14360, 32, 0, 0
1926, 963, 8184, 31, 0, 0
1928, 964, 14330, 27, 0, 0
1930, 965, 14232, 32, 5, 0
1932, 966, 14294, 40, 1, 0
1934, 967, 14291, 70, 0, 0
1936, 968, 14263, 34, 0, 0
1938, 969, 14259, 44, 0, 0
1940, 970, 14174, 41, 4, 0
1942, 971, 14226, 86, 0, 0
1944, 972, 14218, 42, 1, 0
1946, 973, 14207, 31, 0, 0
1948, 974, 15087, 66, 0, 0
1950, 975, 15082, 117, 1, 0
1952, 976, 15002, 72, 6, 0
1954, 977, 15086, 92, 1, 0
1956, 978, 14136, 32, 1, 0
1958, 979, 14131, 60, 0, 0
1960, 980, 15092, 51, 2, 0
1962, 981, 15085, 82, 0, 0
1964, 982, 15020, 41, 4, 0
1966, 983, 15058, 60, 1, 0
1968, 984, 15050, 35, 0, 0
1970, 985, 15034, 37, 1, 0
1972, 986, 15022, 37, 0, 0
1974, 987, 14997, 56, 1, 0
1976, 988, 14918, 30, 5, 0
1978, 989, 14971, 49, 1, 0
1980, 990, 14952, 30, 1, 0
1982, 991, 14947, 40, 1, 0
1984, 992, 14929, 35, 0, 0
1986, 993, 14857, 43, 4, 0
1988, 994, 14893, 80, 1, 0
1990, 995, 14886, 39, 0, 0
1992, 996, 14867, 73, 1, 0
1994, 997, 14857, 29, 0, 0
1996, 998, 14843, 30, 0, 0
1998, 999, 14768, 37, 4, 0
2000, 1000, 14811, 61, 0, 0
2002, 1001, 14799, 36, 0, 0
2004, 1002, 14774, 28, 1, 0
2006, 1003, 14770, 37, 0, 0
2008, 1004, 14754, 30, 0, 0
2010, 1005, 14682, 36, 4, 0
2012, 1006, 14724, 22, 0, 0
2014, 1007, 8840, 31, 0, 0
2016, 1008, 14695, 27, 0, 0
2018, 1009, 11783, 33, 0, 0
2020, 1010, 14662, 44, 0, 0
2022, 1011, 13627, 33, 4, 0
2024, 1012, 14632, 40, 0, 0
2026, 1013, 14624, 83, 0, 0
2028, 1014, 14608, 42, 0, 0
2030, 1015, 14590, 83, 0, 0
2032, 1016, 14524, 41, 3, 0
2034, 1017, 14567, 76, 0, 0
2036, 1018, 14601, 32, 0, 0
2038, 1019, 14540, 41, 0, 0
2040, 1020, 14612, 31, 0, 0
2042, 1021, 14678, 33, 0, 0
2044, 1022, 14666, 39, 4, 0
2046, 1023, 14796, 39, 0, 0
2048, 1024, 14834, 40, 1, 0
2050, 1025, 14758, 53, 0, 0
2052, 1026, 14735, 37, 0, 0
2054, 1027, 14722, 35, 1, 0
2056, 1028, 14677, 41, 4, 0
2058, 1029, 14733, 56, 0, 0
2060, 1030, 14802, 39, 0, 0
2062, 1031, 14790, 57, 1, 0
2064, 1032, 14640, 37, 1, 0
2066, 1033, 14584, 498, 4, 0
2068, 1034, 8511, 25, 0, 0
2070, 1035, 14694, 34, 1, 0
2072, 1036, 14613, 41, 0, 0
2074, 1037, 14685, 37, 0, 0
2076, 1038, 14783, 36, 0, 0
2078, 1039, 14872, 52, 4, 0
2080, 1040, 15085, 73, 1, 0
2082, 1041, 15105, 24, 1, 0
2084, 1042, 15012, 77, 1, 0
2086, 1043, 15025, 38, 0, 0
2088, 1044, 15031, 29, 0, 0
2090, 1045, 14980, 39, 4, 0
2092, 1046, 15068, 65, 0, 0
2094, 1047, 15050, 35, 0, 0
2096, 1048, 15034, 60, 0, 0
2098, 1049, 15018, 41, 0, 0
2100, 1050, 14996, 34, 1, 0
2102, 1051, 14878, 41, 7, 0
2104, 1052, 14977, 51, 0, 0
2106, 1053, 14963, 31, 0, 0
2108, 1054, 14945, 50, 0, 0
2110, 1055, 14934, 35, 0, 0
2112, 1056, 14863, 42, 4, 0
2114, 1057, 14914, 63, 0, 0
2116, 1058, 14900, 28, 0, 0
2118, 1059, 14874, 67, 1, 0
2120, 1060, 14877, 41, 0, 0
2122, 1061, 14866, 32, 0, 0
2124, 1062, 14790, 27, 4, 0
2126, 1063, 14835, 32, 0, 0
2128, 1064, 14827, 36, 0, 0
2130, 1065, 14824, 30, 1, 0
2132, 1066, 14805, 31, 0, 0
2134, 1067, 14786, 57, 1, 0
2136, 1068, 14700, 26, 5, 0
2138, 1069, 14764, 28, 0, 0
2140, 1070, 12933, 29, 0, 0
2142, 1071, 14730, 46, 0, 0
2144, 1072, 9199, 32, 0, 0
2146, 1073, 14713, 33, 1, 0
2148, 1074, 10997, 31, 4, 0
2150, 1075, 14681, 28, 0, 0
2152, 1076, 14666, 93, 0, 0
2154, 1077, 14658, 26, 0, 0
2156, 1078, 14643, 88, 0, 0
2158, 1079, 14566, 33, 3, 0
2160, 1080, 14618, 79, 0, 0
2162, 1081, 14601, 33, 0, 0
2164, 1082, 14579, 27, 1, 0
2166, 1083, 14573, 27, 0, 0
2168, 1084, 14557, 71, 0, 0
2170, 1085, 14498, 27, 3, 0
2172, 1086, 14536, 28, 0, 0
2174, 1087, 14530, 29, 0, 0
2176, 1088, 14510, 29, 0, 0
2178, 1089, 14492, 37, 0, 0
2180, 1090, 14482, 27, 1, 0
2182, 1091, 14387, 36, 5, 0
2184, 1092, 14452, 52, 0, 0
2186, 1093, 14447, 35, 0, 0
2188, 1094, 14429, 52, 0, 0
2190, 1095, 14421, 29, 0, 0
2192, 1096, 14344, 54, 3, 0
2194, 1097, 14395, 32, 0, 0
2196, 1098, 14380, 38, 0, 0
2198, 1099, 14377, 89, 0, 0
2200, 1100, 14373, 33, 0, 0
2202, 1101, 14344, 72, 0, 0
2204, 1102, 14284, 34, 3, 0
2206, 1103, 14333, 63, 0, 0
2208, 1104, 14316, 30, 0, 0
2210, 1105, 14313, 35, 0, 0
2212, 1106, 14293, 40, 0, 0
2214, 1107, 14293, 60, 0, 0
2216, 1108, 14220, 36, 3, 0
2218, 1109, 14261, 33, 0, 0
2220, 1110, 14265, 33, 0, 0
2222, 1111, 14235, 30, 0, 0
2224, 1112, 14223, 31, 0, 0
2226, 1113, 14209, 33, 0, 0
2228, 1114, 14102, 31, 6, 0
2230, 1115, 14188, 33, 0, 0
2232, 1116, 14171, 38, 0, 0
2234, 1117, 14160, 48, 0, 0
2236, 1118, 14144, 35, 0, 0
2238, 1119, 14070, 48, 4, 0
2240, 1120, 14129, 79, 0, 0
2242, 1121, 14109, 31, 0, 0
2244, 1122, 14095, 76, 0, 0
2246, 1123, 14084, 25, 0, 0
2248, 1124, 14071, 70, 0, 0
2250, 1125, 13971, 31, 5, 0
2252, 1126, 14044, 61, 0, 0
2254, 1127, 14040, 38, 0, 0
2256, 1128, 14019, 32, 0, 0
2258, 1129, 14009, 31, 0, 0
2260, 1130, 13997, 29, 0, 0
2262, 1131, 13923, 29, 3, 0
2264, 1132, 13978, 48, 0, 0
2266, 1133, 13957, 34, 0, 0
2268, 1134, 13952, 48, 0, 0
2270, 1135, 13947, 39, 0, 0
2272, 1136, 13925, 30, 0, 0
2274, 1137, 13001, 33, 5, 0
2276, 1138, 13895, 29, 0, 0
2278, 1139, 13893, 31, 0, 0
2280, 1140, 13873, 41, 0, 0
2282, 1141, 13871, 71, 0, 0
2284, 1142, 13847, 28, 3, 0
2286, 1143, 13878, 54, 0, 0
2288, 1144, 14070, 33, 0, 0
2290, 1145, 14140, 61, 0, 0
2292, 1146, 13991, 38, 0, 0
2294, 1147, 14282, 52, 0, 0
2296, 1148, 14009, 41, 3, 0
2298, 1149, 13928, 43, 0, 0
2300, 1150, 13783, 47, 0, 0
2302, 1151, 13869, 34, 0, 0
2304, 1152, 12626, 28, 0, 0
2306, 1153, 14032, 33, 0, 0
2308, 1154, 11853, 24, 3, 0
2310, 1155, 14220, 45, 0, 0
2312, 1156, 14293, 32, 0, 0
2314, 1157, 14384, 42, 0, 0
2316, 1158, 14454, 79, 0, 0
2318, 1159, 14269, 37, 3, 0
2320, 1160, 14168, 63, 0, 0
2322, 1161, 14026, 30, 0, 0
2324, 1162, 14138, 39, 0, 0
2326, 1163, 14047, 33, 0, 0
2328, 1164, 13996, 40, 1, 0
2330, 1165, 14297, 28, 3, 0
2332, 1166, 14312, 42, 0, 0
2334, 1167, 14362, 31, 0, 0
2336, 1168, 14347, 36, 0, 0
2338, 1169, 14344, 30, 0, 0
2340, 1170, 14320, 49, 0, 0
2342, 1171, 14264, 40, 2, 0
2344, 1172, 14297, 60, 0, 0
2346, 1173, 14297, 35, 0, 0
2348, 1174, 14283, 32, 0, 0
2350, 1175, 14264, 85, 0, 0
2352, 1176, 14257, 36, 0, 0
2354, 1177, 14162, 84, 4, 0
2356, 1178, 14230, 28, 0, 0
2358, 1179, 14215, 31, 0, 0
2360, 1180, 14202, 32, 0, 0
2362, 1181, 14206, 43, 1, 0
2364, 1182, 14129, 48, 3, 0
2366, 1183, 14183, 33, 0, 0
2368, 1184, 14165, 37, 0, 0
2370, 1185, 14161, 23, 0, 0
2372, 1186, 14148, 39, 0, 0
2374, 1187, 14133, 29, 0, 0
2376, 1188, 14055, 28, 5, 0
2378, 1189, 14117, 30, 0, 0
2380, 1190, 14091, 37, 0, 0
2382, 1191, 14093, 30, 0, 0
2384, 1192, 14082, 83, 0, 0
2386, 1193, 14076, 37, 0, 0
2388, 1194, 14000, 31, 3, 0
2390, 1195, 14051, 29, 0, 0
2392, 1196, 14034, 30, 0, 0
2394, 1197, 14020, 33, 0, 0
2396, 1198, 14022, 32, 0, 0
2398, 1199, 14002, 41, 0, 0
2400, 1200, 13892, 28, 5, 0
2402, 1201, 13970, 38, 0, 0
2404, 1202, 13963, 30, 0, 0
2406, 1203, 13960, 33, 0, 0
2408, 1204, 13939, 50, 0, 0
2410, 1205, 13881, 31, 2, 0
2412, 1206, 13920, 53, 0, 0
2414, 1207, 13106, 36, 0, 0
2416, 1208, 13904, 31, 0, 0
2418, 1209, 12275, 29, 0, 0
2420, 1210, 13876, 30, 0, 0
2422, 1211, 13820, 78, 3, 0
2424, 1212, 13850, 40, 0, 0
2426, 1213, 13843, 33, 0, 0
2428, 1214, 13839, 32, 0, 0
2430, 1215, 13820, 30, 0, 0
2432, 1216, 13813, 31, 0, 0
2434, 1217, 13743, 49, 3, 0
2436, 1218, 13792, 31, 0, 0
2438, 1219, 14564, 32, 1, 0
2440, 1220, 13775, 30, 0, 0
2442, 1221, 13760, 27, 0, 0
2444, 1222, 13746, 31, 0, 0
2446, 1223, 13738, 47, 0, 0
2448, 1224, 14515, 34, 0, 0
2450, 1225, 13728, 51, 0, 0
2452, 1226, 14497, 38, 0, 0
2454, 1227, 14486, 34, 0, 0
2456, 1228, 14423, 37, 3, 0
2458, 1229, 14475, 45, 0, 0
2460, 1230, 14467, 79, 0, 0
2462, 1231, 14457, 44, 0, 0
2464, 1232, 13654, 58, 0, 0
2466, 1233, 14433, 42, 0, 0
2468, 1234, 14365, 73, 2, 0
2470, 1235, 14415, 40, 0, 0
2472, 1236, 14398, 56, 0, 0
2474, 1237, 14387, 38, 0, 0
2476, 1238, 14379, 55, 0, 0
2478, 1239, 14358, 38, 0, 0
2480, 1240, 14295, 34, 3, 0
2482, 1241, 14341, 37, 0, 0
2484, 1242, 14319, 30, 0, 0
2486, 1243, 14317, 39, 0, 0
2488, 1244, 14306, 49, 0, 0
2490, 1245, 9539, 33, 0, 0
2492, 1246, 14223, 69, 2, 0
2494, 1247, 14277, 88, 0, 0
2496, 1248, 14273, 32, 0, 0
2498, 1249, 14225, 28, 0, 0
2500, 1250, 14238, 30, 0, 0
2502, 1251, 14225, 31, 0, 0
2504, 1252, 14148, 45, 3, 0
2506, 1253, 14199, 29, 0, 0
2508, 1254, 14189, 39, 0, 0
2510, 1255, 14183, 33, 0, 0
2512, 1256, 14171, 39, 0, 0
2514, 1257, 14102, 34, 2, 0
2516, 1258, 14148, 30, 0, 0
2518, 1259, 14132, 54, 0, 0
2520, 1260, 14127, 29, 0, 0
2522, 1261, 14109, 52, 0, 0
2524, 1262, 14102, 29, 0, 0
2526, 1263, 14028, 63, 3, 0
2528, 1264, 9394, 29, 0, 0
2530, 1265, 14067, 46, 0, 0
2532, 1266, 14111, 43, 0, 0
2534, 1267, 14131, 44, 0, 0
2536, 1268, 14179, 72, 0, 0
2538, 1269, 14061, 42, 4, 0
2540, 1270, 14222, 62, 0, 0
2542, 1271, 14307, 27, 0, 0
2544, 1272, 14136, 59, 0, 0
2546, 1273, 14274, 38, 0, 0
2548, 1274, 14292, 56, 0, 0
2550, 1275, 14111, 33, 2, 0
2552, 1276, 14049, 58, 0, 0
2554, 1277, 13513, 30, 0, 0
2556, 1278, 14086, 37, 0, 0
2558, 1279, 14173, 39, 0, 0
2560, 1280, 14243, 48, 0, 0
2562, 1281, 14236, 36, 4, 0
2564, 1282, 14394, 33, 0, 0
2566, 1283, 14460, 104, 0, 0
2568, 1284, 14548, 28, 0, 0
2570, 1285, 14534, 60, 0, 0
2572, 1286, 14333, 35, 3, 0
2574, 1287, 14263, 32, 0, 0
2576, 1288, 14410, 37, 0, 0
2578, 1289, 14517, 46, 0, 0
2580, 1290, 13712, 28, 0, 0
2582, 1291, 14452, 56, 0, 0
2584, 1292, 9878, 29, 2, 0
2586, 1293, 14488, 47, 0, 0
2588, 1294, 14484, 88, 0, 0
2590, 1295, 14472, 32, 0, 0
2592, 1296, 14461, 84, 0, 0
2594, 1297, 14445, 34, 0, 0
2596, 1298, 14350, 73, 4, 0
2598, 1299, 14425, 41, 0, 0
2600, 1300, 14416, 67, 0, 0
2602, 1301, 14404, 40, 0, 0
2604, 1302, 14387, 64, 0, 0
2606, 1303, 14318, 82, 3, 0
2608, 1304, 14370, 33, 0, 0
2610, 1305, 14363, 24, 0, 0
2612, 1306, 14350, 54, 0, 0
2614, 1307, 14336, 27, 0, 0
2616, 1308, 14326, 57, 0, 0
2618, 1309, 14266, 33, 2, 0
2620, 1310, 14314, 48, 0, 0
2622, 1311, 14306, 52, 0, 0
2624, 1312, 14302, 28, 0, 0
2626, 1313, 14294, 77, 0, 0
2628, 1314, 14251, 29, 0, 0
2630, 1315, 14173, 74, 3, 0
2632, 1316, 14258, 28, 0, 0
2634, 1317, 14254, 44, 0, 0
2636, 1318, 14243, 32, 0, 0
2638, 1319, 14233, 57, 0, 0
2640, 1320, 14223, 28, 0, 0
2642, 1321, 14129, 61, 3, 0
2644, 1322, 14190, 29, 0, 0
2646, 1323, 14183, 42, 0, 0
2648, 1324, 14173, 30, 0, 0
2650, 1325, 14163, 45, 0, 0
2652, 1326, 14099, 29, 2, 0
2654, 1327, 14148, 31, 0, 0
2656, 1328, 14127, 75, 0, 0
2658, 1329, 14115, 45, 0, 0
2660, 1330, 14108, 30, 0, 0
2662, 1331, 14097, 30, 0, 0
2664, 1332, 14039, 69, 2, 0
2666, 1333, 14074, 35, 0, 0
2668, 1334, 14076, 58, 0, 0
2670, 1335, 14051, 30, 0, 0
2672, 1336, 14047, 55, 0, 0
2674, 1337, 14035, 39, 0, 0
2676, 1338, 13969, 50, 3, 0
2678, 1339, 14023, 30, 0, 0
2680, 1340, 14725, 32, 0, 0
2682, 1341, 10330, 27, 0, 0
2684, 1342, 13993, 31, 0, 0
2686, 1343, 13893, 72, 5, 0
2688, 1344, 13965, 31, 0, 0
2690, 1345, 13950, 61, 0, 0
2692, 1346, 13948, 39, 0, 0
2694, 1347, 14656, 33, 0, 0
2696, 1348, 13933, 31, 0, 0
2698, 1349, 14568, 31, 3, 0
2700, 1350, 14626, 41, 0, 0
2702, 1351, 13911, 44, 0, 0
2704, 1352, 13195, 34, 0, 0
2706, 1353, 14606, 49, 0, 0
2708, 1354, 13890, 66, 0, 0
2710, 1355, 14524, 36, 2, 0
2712, 1356, 14579, 77, 0, 0
2714, 1357, 14569, 45, 0, 0
2716, 1358, 14558, 73, 0, 0
2718, 1359, 14554, 44, 0, 0
2720, 1360, 14536, 65, 0, 0
2722, 1361, 14452, 40, 3, 0
2724, 1362, 14518, 68, 0, 0
2726, 1363, 14514, 38, 0, 0
2728, 1364, 14499, 53, 0, 0
2730, 1365, 14489, 38, 0, 0
2732, 1366, 14424, 54, 2, 0
2734, 1367, 13755, 29, 0, 0
2736, 1368, 14453, 33, 0, 0
2738, 1369, 14438, 30, 0, 0
2740, 1370, 14432, 46, 0, 0
2742, 1371, 14423, 36, 0, 0
2744, 1372, 14354, 45, 2, 0
2746, 1373, 14401, 74, 0, 0
2748, 1374, 14391, 31, 0, 0
2750, 1375, 14377, 31, 0, 0
2752, 1376, 14374, 50, 0, 0
2754, 1377, 14356, 57, 0, 0
2756, 1378, 14300, 38, 2, 0
2758, 1379, 14344, 55, 0, 0
2760, 1380, 14329, 30, 0, 0
2762, 1381, 14322, 33, 0, 0
2764, 1382, 14313, 31, 0, 0
2766, 1383, 14248, 28, 2, 0
2768, 1384, 14295, 62, 0, 0
2770, 1385, 14270, 50, 0, 0
2772, 1386, 14260, 77, 0, 0
2774, 1387, 14235, 34, 0, 0
2776, 1388, 14260, 61, 0, 0
2778, 1389, 14176, 27, 2, 0
2780, 1390, 14251, 30, 0, 0
2782, 1391, 14299, 38, 0, 0
2784, 1392, 14285, 57, 0, 0
2786, 1393, 14316, 35, 0, 0
2788, 1394, 14408, 57, 0, 0
2790, 1395, 14460, 32, 2, 0
2792, 1396, 14636, 56, 0, 0
2794, 1397, 14455, 30, 0, 0
2796, 1398, 14487, 27, 0, 0
2798, 1399, 14507, 35, 0, 0
2800, 1400, 14536, 37, 0, 0
2802, 1401, 10074, 41, 2, 0
2804, 1402, 14259, 33, 0, 0
2806, 1403, 14150, 38, 0, 0
2808, 1404, 14358, 52, 0, 0
2810, 1405, 14286, 78, 0, 0
2812, 1406, 14261, 49, 3, 0
2814, 1407, 14404, 75, 0, 0
2816, 1408, 14473, 35, 0, 0
2818, 1409, 14547, 62, 0, 0
2820, 1410, 14608, 35, 0, 0
2822, 1411, 14674, 54, 0, 0
2824, 1412, 14517, 27, 2, 0
2826, 1413, 14551, 28, 0, 0
2828, 1414, 14608, 84, 0, 0
2830, 1415, 14617, 31, 0, 0
2832, 1416, 14625, 77, 0, 0
2834, 1417, 14613, 44, 0, 0
2836, 1418, 14514, 36, 4, 0
2838, 1419, 14593, 42, 0, 0
2840, 1420, 14583, 38, 0, 0
2842, 1421, 14576, 42, 0, 0
2844, 1422, 14560, 46, 0, 0
2846, 1423, 14499, 48, 2, 0
2848, 1424, 14538, 59, 0, 0
2850, 1425, 10395, 28, 0, 0
2852, 1426, 14521, 33, 0, 0
2854, 1427, 14505, 37, 0, 0
2856, 1428, 14511, 48, 0, 0
2858, 1429, 14432, 81, 2, 0
2860, 1430, 14479, 32, 0, 0
2862, 1431, 14473, 69, 0, 0
2864, 1432, 14458, 39, 0, 0
2866, 1433, 14454, 35, 0, 0
2868, 1434, 14445, 41, 0, 0
2870, 1435, 14384, 60, 2, 0
2872, 1436, 14426, 40, 0, 0
2874, 1437, 14422, 31, 0, 0
2876, 1438, 14412, 32, 0, 0
2878, 1439, 14402, 55, 0, 0
2880, 1440, 14399, 42, 0, 0
2882, 1441, 14305, 50, 3, 0
2884, 1442, 14394, 38, 0, 0
2886, 1443, 14366, 31, 0, 0
2888, 1444, 10957, 35, 0, 0
2890, 1445, 14359, 51, 0, 0
2892, 1446, 14283, 76, 3, 0
2894, 1447, 14334, 32, 0, 0
2896, 1448, 14332, 61, 0, 0
2898, 1449, 14308, 41, 0, 0
2900, 1450, 14304, 33, 0, 0
2902, 1451, 14296, 37, 0, 0
2904, 1452, 14230, 38, 3, 0
2906, 1453, 14273, 32, 0, 0
2908, 1454, 14260, 31, 0, 0
2910, 1455, 14258, 31, 0, 0
2912, 1456, 14242, 53, 0, 0
2914, 1457, 14240, 39, 0, 0
2916, 1458, 14169, 54, 2, 0
2918, 1459, 14217, 35, 0, 0
2920, 1460, 14206, 47, 0, 0
2922, 1461, 14193, 29, 0, 0
2924, 1462, 14196, 42, 0, 0
2926, 1463, 14126, 256, 2, 0
2928, 1464, 14169, 44, 0, 0
2930, 1465, 14163, 39, 0, 0
2932, 1466, 14153, 41, 0, 0
2934, 1467, 14140, 28, 0, 0
2936, 1468, 14144, 42, 0, 0
2938, 1469, 14073, 58, 2, 0
2940, 1470, 14778, 39, 0, 0
2942, 1471, 14763, 26, 0, 0
2944, 1472, 14093, 25, 0, 0
2946, 1473, 14738, 27, 0, 0
2948, 1474, 14084, 27, 0, 0
2950, 1475, 14021, 28, 2, 0
2952, 1476, 14722, 34, 0, 0
2954, 1477, 14722, 29, 0, 0
2956, 1478, 14706, 80, 0, 0
2958, 1479, 14696, 33, 0, 0
2960, 1480, 14688, 76, 0, 0
2962, 1481, 14599, 46, 4, 0
2964, 1482, 14674, 33, 0, 0
2966, 1483, 14663, 30, 0, 0
2968, 1484, 14656, 63, 0, 0
2970, 1485, 14645, 43, 0, 0
2972, 1486, 14571, 88, 2, 0
2974, 1487, 14641, 42, 0, 0
2976, 1488, 14618, 39, 0, 0
2978, 1489, 14615, 84, 0, 0
2980, 1490, 14601, 45, 0, 0
2982, 1491, 14586, 71, 0, 0
2984, 1492, 14501, 45, 3, 0
2986, 1493, 14569, 72, 0, 0
2988, 1494, 14556, 42, 0, 0
2990, 1495, 14546, 35, 0, 0
2992, 1496, 14545, 44, 0, 0
2994, 1497, 14536, 60, 0, 0
2996, 1498, 14466, 40, 2, 0
2998, 1499, 14515, 52, 0, 0
3000, 1500, 12561, 33, 0, 0
3002, 1501, 14490, 45, 0, 0
3004, 1502, 14483, 84, 0, 0
3006, 1503, 14467, 36, 0, 0
3008, 1504, 14393, 76, 3, 0
3010, 1505, 14458, 32, 0, 0
3012, 1506, 14444, 53, 0, 0
3014, 1507, 14438, 31, 0, 0
3016, 1508, 14423, 45, 0, 0
3018, 1509, 14365, 42, 2, 0
3020, 1510, 14401, 71, 0, 0
3022, 1511, 14396, 35, 0, 0
3024, 1512, 14378, 54, 0, 0
3026, 1513, 14372, 31, 0, 0
3028, 1514, 14413, 54, 0, 0
3030, 1515, 12437, 28, 2, 0
3032, 1516, 14355, 41, 0, 0
3034, 1517, 14407, 33, 0, 0
3036, 1518, 14466, 41, 0, 0
3038, 1519, 14522, 84, 0, 0
3040, 1520, 14540, 28, 0, 0
3042, 1521, 14586, 64, 2, 0
3044, 1522, 14767, 41, 0, 0
3046, 1523, 14643, 33, 0, 0
3048, 1524, 14663, 39, 0, 0
3050, 1525, 14701, 60, 0, 0
3052, 1526, 14664, 28, 0, 0
3054, 1527, 14489, 54, 2, 0
3056, 1528, 14438, 33, 0, 0
3058, 1529, 14329, 44, 0, 0
3060, 1530, 11138, 32, 0, 0
3062, 1531, 14576, 58, 0, 0
3064, 1532, 12792, 81, 2, 0
3066, 1533, 14615, 37, 0, 0
3068, 1534, 14621, 87, 0, 0
3070, 1535, 14613, 36, 0, 0
3072, 1536, 14674, 36, 0, 0
3074, 1537, 14734, 42, 0, 0
3076, 1538, 14658, 69, 2, 0
3078, 1539, 14729, 32, 0, 0
3080, 1540, 14720, 63, 0, 0
3082, 1541, 14715, 33, 0, 0
3084, 1542, 14713, 51, 0, 0
3086, 1543, 14700, 40, 0, 0
3088, 1544, 14637, 59, 2, 0
3090, 1545, 10865, 30, 0, 0
3092, 1546, 14668, 52, 0, 0
3094, 1547, 14661, 31, 0, 0
3096, 1548, 14657, 58, 0, 0
3098, 1549, 14649, 92, 0, 0
3100, 1550, 14558, 29, 2, 0
3102, 1551, 14623, 89, 0, 0
3104, 1552, 14606, 32, 0, 0
3106, 1553, 14597, 83, 0, 0
3108, 1554, 14600, 29, 0, 0
3110, 1555, 14508, 30, 3, 0
3112, 1556, 14582, 47, 0, 0
3114, 1557, 14565, 69, 0, 0
3116, 1558, 14552, 26, 0, 0
3118, 1559, 14561, 62, 0, 0
3120, 1560, 14561, 42, 0, 0
3122, 1561, 14492, 55, 3, 0
3124, 1562, 14560, 35, 0, 0
3126, 1563, 14510, 51, 0, 0
3128, 1564, 14517, 25, 0, 0
3130, 1565, 14502, 45, 0, 0
3132, 1566, 14508, 28, 0, 0
3134, 1567, 14419, 32, 2, 0
3136, 1568, 14487, 77, 0, 0
3138, 1569, 14475, 31, 0, 0
3140, 1570, 14475, 50, 0, 0
3142, 1571, 14464, 46, 0, 0
3144, 1572, 14392, 66, 2, 0
3146, 1573, 14441, 29, 0, 0
3148, 1574, 14428, 33, 0, 0
3150, 1575, 14417, 30, 0, 0
3152, 1576, 14418, 32, 0, 0
3154, 1577, 12561, 30, 0, 0
3156, 1578, 14341, 48, 2, 0
3158, 1579, 14386, 83, 0, 0
3160, 1580, 14372, 37, 0, 0
3162, 1581, 14375, 70, 0, 0
3164, 1582, 14361, 48, 0, 0
3166, 1583, 14351, 63, 0, 0
3168, 1584, 14285, 59, 2, 0
3170, 1585, 14331, 68, 0, 0
3172, 1586, 14324, 40, 0, 0
3174, 1587, 14318, 58, 0, 0
3176, 1588, 14310, 31, 0, 0
3178, 1589, 14900, 45, 0, 0
3180, 1590, 14821, 32, 3, 0
3182, 1591, 14290, 36, 0, 0
3184, 1592, 11819, 28, 0, 0
3186, 1593, 14265, 31, 0, 0
3188, 1594, 11170, 34, 0, 0
3190, 1595, 14198, 33, 2, 0
3192, 1596, 14850, 94, 0, 0
3194, 1597, 14231, 38, 0, 0
3196, 1598, 14826, 57, 0, 0
3198, 1599, 14824, 31, 0, 0
3200, 1600, 14820, 70, 0, 0
3202, 1601, 14754, 46, 2, 0
3204, 1602, 14787, 72, 0, 0
3206, 1603, 14789, 41, 0, 0
3208, 1604, 14780, 62, 0, 0
3210, 1605, 14778, 31, 0, 0
3212, 1606, 14766, 35, 0, 0
3214, 1607, 14113, 32, 2, 0
3216, 1608, 14751, 53, 0, 0
3218, 1609, 12324, 30, 0, 0
3220, 1610, 14733, 36, 0, 0
3222, 1611, 14135, 30, 0, 0
3224, 1612, 14653, 62, 2, 0
3226, 1613, 14718, 85, 0, 0
3228, 1614, 14702, 44, 0, 0
3230, 1615, 14691, 45, 0, 0
3232, 1616, 14682, 47, 0, 0
3234, 1617, 14678, 67, 0, 0
3236, 1618, 14614, 33, 2, 0
3238, 1619, 14654, 35, 0, 0
3240, 1620, 14649, 29, 0, 0
3242, 1621, 14641, 41, 0, 0
3244, 1622, 14638, 45, 0, 0
3246, 1623, 14620, 56, 0, 0
3248, 1624, 10937, 28, 2, 0
3250, 1625, 14611, 52, 0, 0
3252, 1626, 14594, 83, 0, 0
3254, 1627, 14587, 33, 0, 0
3256, 1628, 14573, 90, 0, 0
3258, 1629, 14562, 49, 0, 0
3260, 1630, 14484, 71, 3, 0
3262, 1631, 14547, 44, 0, 0
3264, 1632, 14538, 53, 0, 0
3266, 1633, 14525, 36, 0, 0
3268, 1634, 14521, 33, 0, 0
3270, 1635, 14427, 91, 3, 0
3272, 1636, 14494, 59, 0, 0
3274, 1637, 10889, 43, 0, 0
3276, 1638, 14510, 34, 0, 0
3278, 1639, 13954, 32, 0, 0
3280, 1640, 14569, 55, 0, 0
3282, 1641, 14552, 89, 2, 0
3284, 1642, 14498, 54, 0, 0
3286, 1643, 14473, 31, 0, 0
3288, 1644, 14523, 29, 0, 0
3290, 1645, 14591, 71, 0, 0
3292, 1646, 14642, 42, 0, 0
3294, 1647, 14639, 34, 2, 0
3296, 1648, 14796, 27, 0, 0
3298, 1649, 14923, 27, 0, 0
3300, 1650, 14805, 40, 0, 0
3302, 1651, 14827, 50, 0, 0
3304, 1652, 14778, 81, 0, 0
3306, 1653, 14651, 52, 2, 0
3308, 1654, 14585, 30, 0, 0
3310, 1655, 14495, 31, 0, 0
3312, 1656, 14415, 85, 0, 0
3314, 1657, 14627, 31, 0, 0
3316, 1658, 14678, 109, 2, 0
3318, 1659, 14687, 48, 0, 0
3320, 1660, 14716, 64, 0, 0
3322, 1661, 14747, 47, 0, 0
3324, 1662, 14753, 34, 0, 0
3326, 1663, 12462, 25, 0, 0
3328, 1664, 14754, 32, 2, 0
3330, 1665, 14807, 74, 0, 0
3332, 1666, 14807, 43, 0, 0
3334, 1667, 14783, 29, 0, 0
3336, 1668, 14781, 49, 0, 0
3338, 1669, 14767, 84, 0, 0
3340, 1670, 14676, 31, 3, 0
3342, 1671, 14757, 25, 0, 0
3344, 1672, 14743, 48, 0, 0
3346, 1673, 14731, 70, 0, 0
3348, 1674, 14735, 49, 0, 0
3350, 1675, 14663, 49, 2, 0
3352, 1676, 14710, 34, 0, 0
3354, 1677, 14696, 27, 0, 0
3356, 1678, 13553, 36, 0, 0
3358, 1679, 14684, 30, 0, 0
3360, 1680, 13533, 31, 0, 0
3362, 1681, 14615, 35, 2, 0
3364, 1682, 14663, 32, 0, 0
3366, 1683, 14647, 52, 0, 0
3368, 1684, 14637, 33, 0, 0
3370, 1685, 14638, 35, 0, 0
3372, 1686, 14626, 77, 0, 0
3374, 1687, 14567, 44, 2, 0
3376, 1688, 14624, 66, 0, 0
3378, 1689, 14614, 46, 0, 0
3380, 1690, 14600, 33, 0, 0
3382, 1691, 14601, 32, 0, 0
3384, 1692, 14593, 63, 0, 0
3386, 1693, 14516, 42, 2, 0
3388, 1694, 14580, 34, 0, 0
3390, 1695, 14570, 42, 0, 0
3392, 1696, 14560, 34, 0, 0
3394, 1697, 14545, 32, 0, 0
3396, 1698, 14460, 48, 3, 0
3398, 1699, 14534, 31, 0, 0
3400, 1700, 14518, 49, 0, 0
3402, 1701, 14520, 37, 0, 0
3404, 1702, 14512, 32, 0, 0
3406, 1703, 14491, 58, 0, 0
3408, 1704, 14434, 38, 2, 0
3410, 1705, 14487, 49, 0, 0
3412, 1706, 14479, 43, 0, 0
3414, 1707, 14463, 34, 0, 0
3416, 1708, 14466, 41, 0, 0
3418, 1709, 14448, 35, 0, 0
3420, 1710, 10334, 30, 4, 1
3422, 1711, 14438, 53, 0, 0
3424, 1712, 14430, 34, 0, 0
3426, 1713, 14415, 33, 0, 0
3428, 1714, 14419, 34, 0, 0
3430, 1715, 14346, 99, 2, 0
3432, 1716, 14390, 38, 0, 0
3434, 1717, 14949, 45, 0, 0
3436, 1718, 14376, 41, 0, 0
3438, 1719, 14927, 31, 0, 0
3440, 1720, 14926, 60, 0, 0
3442, 1721, 14863, 42, 2, 0
3444, 1722, 14904, 32, 0, 0
3446, 1723, 14905, 39, 0, 0
3448, 1724, 14894, 34, 0, 0
3450, 1725, 14874, 35, 0, 0
3452, 1726, 14879, 32, 0, 0
3454, 1727, 14811, 34, 2, 0
3456, 1728, 14862, 53, 0, 0
3458, 1729, 14862, 38, 0, 0
3460, 1730, 14844, 37, 0, 0
3462, 1731, 14841, 57, 0, 0
3464, 1732, 14850, 31, 0, 0
3466, 1733, 14757, 34, 2, 0
3468, 1734, 14818, 102, 0, 0
3470, 1735, 14817, 33, 0, 0
3472, 1736, 14809, 41, 0, 0
3474, 1737, 14793, 49, 0, 0
3476, 1738, 14736, 39, 2, 0
3478, 1739, 14782, 50, 0, 0
3480, 1740, 14767, 36, 0, 0
3482, 1741, 14772, 46, 0, 0
3484, 1742, 14753, 70, 0, 0
3486, 1743, 14736, 34, 0, 0
3488, 1744, 14690, 59, 2, 0
3490, 1745, 10787, 28, 0, 1
3492, 1746, 14721, 34, 0, 0
3494, 1747, 14718, 80, 0, 0
3496, 1748, 14708, 54, 0, 0
3498, 1749, 14692, 38, 0, 0
3500, 1750, 14637, 53, 2, 0
3502, 1751, 14680, 40, 0, 0
3504, 1752, 14666, 46, 0, 0
3506, 1753, 14664, 30, 0, 0
3508, 1754, 14654, 47, 0, 0
3510, 1755, 14640, 38, 0, 0
3512, 1756, 14587, 39, 2, 0
3514, 1757, 14625, 32, 0, 0
3516, 1758, 14624, 45, 0, 0
3518, 1759, 14613, 31, 0, 0
3520, 1760, 14058, 40, 0, 0
3522, 1761, 14546, 38, 2, 0
3524, 1762, 14610, 84, 0, 0
3526, 1763, 14641, 31, 0, 0
3528, 1764, 14676, 92, 0, 0
3530, 1765, 14645, 51, 0, 0
3532, 1766, 14635, 41, 0, 0
3534, 1767, 14687, 54, 2, 0
3536, 1768, 14635, 36, 0, 0
3538, 1769, 14536, 40, 0, 0
3540, 1770, 14586, 52, 0, 0
3542, 1771, 14642, 44, 0, 0
3544, 1772, 14690, 32, 0, 0
3546, 1773, 11857, 31, 2, 0
3548, 1774, 14805, 28, 0, 0
3550, 1775, 14936, 92, 0, 0
3552, 1776, 14965, 52, 0, 0
3554, 1777, 14907, 91, 0, 0
3556, 1778, 14874, 50, 0, 0
3558, 1779, 14730, 78, 2, 0
3560, 1780, 14712, 29, 0, 0
3562, 1781, 14759, 29, 0, 0
3564, 1782, 14784, 46, 0, 0
3566, 1783, 14861, 29, 0, 0
3568, 1784, 14742, 109, 3, 0
3570, 1785, 14897, 68, 0, 0
3572, 1786, 14856, 47, 0, 0
3574, 1787, 14863, 57, 0, 0
3576, 1788, 14874, 27, 0, 0
3578, 1789, 14878, 60, 0, 0
3580, 1790, 14809, 89, 2, 0
3582, 1791, 14873, 56, 0, 0
3584, 1792, 14857, 75, 0, 0
3586, 1793, 14847, 29, 0, 0
3588, 1794, 14846, 30, 0, 0
3590, 1795, 14840, 48, 0, 0
3592, 1796, 14762, 65, 2, 0
3594, 1797, 12106, 28, 0, 0
3596, 1798, 14806, 61, 0, 0
3598, 1799, 14803, 86, 0, 0
3600, 1800, 14795, 29, 0, 0
3602, 1801, 14778, 32, 0, 0
3604, 1802, 14702, 31, 2, 0
3606, 1803, 14765, 39, 0, 0
3608, 1804, 14765, 41, 0, 0
3610, 1805, 14751, 74, 0, 0
3612, 1806, 14740, 32, 0, 0
3614, 1807, 14681, 37, 2, 0
3616, 1808, 14732, 31, 0, 0
3618, 1809, 14716, 59, 0, 0
3620, 1810, 14721, 36, 0, 0
3622, 1811, 14700, 62, 0, 0
3624, 1812, 14711, 32, 0, 0
3626, 1813, 14641, 60, 2, 0
3628, 1814, 14685, 32, 0, 0
3630, 1815, 14687, 34, 0, 0
3632, 1816, 14676, 34, 0, 0
3634, 1817, 14687, 41, 0, 0
3636, 1818, 14666, 65, 0, 0
3638, 1819, 14596, 49, 2, 0
3640, 1820, 14654, 31, 0, 0
3642, 1821, 14643, 46, 0, 0
3644, 1822, 14642, 54, 0, 0
3646, 1823, 11950, 31, 0, 0
3648, 1824, 14613, 60, 0, 0
3650, 1825, 11875, 29, 3, 0
3652, 1826, 14598, 32, 0, 0
3654, 1827, 14606, 40, 0, 0
3656, 1828, 14591, 49, 0, 0
3658, 1829, 14573, 73, 0, 0
3660, 1830, 14522, 44, 2, 0
3662, 1831, 14560, 68, 0, 0
3664, 1832, 14564, 44, 0, 0
3666, 1833, 14547, 60, 0, 0
3668, 1834, 14536, 33, 0, 0
3670, 1835, 14538, 62, 0, 0
3672, 1836, 14473, 33, 2, 0
3674, 1837, 14531, 58, 0, 0
3676, 1838, 14514, 41, 0, 0
3678, 1839, 14499, 49, 0, 0
3680, 1840, 14502, 38, 0, 0
3682, 1841, 14486, 33, 0, 0
3684, 1842, 14415, 39, 2, 0
3686, 1843, 14474, 33, 0, 0
3688, 1844, 14994, 38, 0, 0
3690, 1845, 14983, 46, 0, 0
3692, 1846, 14966, 37, 0, 0
3694, 1847, 14890, 101, 2, 0
3696, 1848, 14950, 35, 0, 0
3698, 1849, 14445, 30, 0, 0
3700, 1850, 14944, 35, 0, 0
3702, 1851, 14929, 42, 0, 0
3704, 1852, 14936, 35, 0, 0
3706, 1853, 14848, 39, 2, 0
3708, 1854, 14923, 44, 0, 0
3710, 1855, 14916, 39, 0, 0
3712, 1856, 14895, 32, 0, 0
3714, 1857, 14902, 37, 0, 0
3716, 1858, 14889, 34, 0, 0
3718, 1859, 14833, 37, 1, 0
3720, 1860, 11188, 33, 0, 2
3722, 1861, 14877, 57, 0, 0
3724, 1862, 14867, 42, 0, 0
3726, 1863, 14852, 34, 0, 0
3728, 1864, 14798, 663, 2, 0
3730, 1865, 14840, 35, 0, 0
3732, 1866, 14837, 72, 0, 0
3734, 1867, 14828, 34, 0, 0
3736, 1868, 14824, 38, 0, 0
3738, 1869, 14812, 50, 0, 0
3740, 1870, 14743, 66, 2, 0
3742, 1871, 14803, 44, 0, 0
3744, 1872, 14784, 56, 0, 0
3746, 1873, 14784, 82, 0, 0
3748, 1874, 14775, 33, 0, 0
3750, 1875, 14771, 37, 0, 0
3752, 1876, 14697, 35, 2, 0
3754, 1877, 14741, 40, 0, 0
3756, 1878, 14740, 30, 0, 0
3758, 1879, 14727, 42, 0, 0
3760, 1880, 14727, 32, 0, 0
3762, 1881, 14659, 415, 2, 0
3764, 1882, 14718, 32, 0, 0
3766, 1883, 14697, 31, 0, 0
3768, 1884, 14688, 45, 0, 0
3770, 1885, 14685, 40, 0, 0
3772, 1886, 14719, 31, 0, 0
3774, 1887, 14655, 52, 2, 0
3776, 1888, 14719, 82, 0, 0
3778, 1889, 14718, 39, 0, 0
3780, 1890, 14859, 83, 0, 0
3782, 1891, 14773, 52, 0, 0
3784, 1892, 14812, 69, 0, 0
3786, 1893, 14780, 47, 2, 0
3788, 1894, 14770, 72, 0, 0
3790, 1895, 14660, 37, 0, 0
3792, 1896, 14641, 39, 0, 0
3794, 1897, 11743, 29, 0, 0
3796, 1898, 14730, 40, 0, 0
3798, 1899, 14721, 33, 2, 0
3800, 1900, 14838, 54, 0, 0
3802, 1901, 14919, 92, 0, 0
3804, 1902, 15006, 53, 0, 0
3806, 1903, 14976, 80, 0, 0
3808, 1904, 14931, 49, 0, 0
3810, 1905, 14839, 64, 2, 0
3812, 1906, 14862, 48, 0, 0
3814, 1907, 14874, 62, 0, 0
3816, 1908, 14942, 44, 0, 0
3818, 1909, 14827, 32, 0, 0
3820, 1910, 13945, 25, 0, 0
3822, 1911, 14888, 67, 2, 0
3824, 1912, 14953, 97, 0, 0
3826, 1913, 14942, 57, 0, 0
3828, 1914, 14946, 92, 0, 0
3830, 1915, 14925, 58, 0, 0
3832, 1916, 14866, 89, 2, 0
3834, 1917, 14918, 46, 0, 0
3836, 1918, 14916, 68, 0, 0
3838, 1919, 14896, 48, 0, 0
3840, 1920, 14886, 72, 0, 0
3842, 1921, 14871, 29, 0, 0
3844, 1922, 14796, 28, 2, 0
3846, 1923, 14849, 30, 0, 0
3848, 1924, 14864, 59, 0, 0
3850, 1925, 14858, 76, 0, 0
3852, 1926, 14844, 38, 0, 0
3854, 1927, 14838, 29, 0, 0
3856, 1928, 14734, 34, 3, 0
3858, 1929, 14827, 76, 0, 0
3860, 1930, 14811, 57, 0, 0
3862, 1931, 14815, 43, 0, 0
3864, 1932, 14799, 33, 0, 0
3866, 1933, 14803, 29, 0, 0
3868, 1934, 14724, 45, 2, 0
3870, 1935, 14787, 60, 0, 0
3872, 1936, 14777, 30, 0, 0
3874, 1937, 14764, 31, 0, 0
3876, 1938, 14761, 32, 0, 0
3878, 1939, 14696, 29, 2, 0
3880, 1940, 14759, 31, 0, 0
3882, 1941, 14746, 52, 0, 0
3884, 1942, 14744, 53, 0, 0
3886, 1943, 14739, 47, 0, 0
3888, 1944, 14734, 32, 0, 0
3890, 1945, 11658, 28, 2, 1
3892, 1946, 14721, 54, 0, 0
3894, 1947, 14707, 87, 0, 0
3896, 1948, 14710, 56, 0, 0
3898, 1949, 14692, 38, 0, 0
3900, 1950, 14689, 54, 0, 0
3902, 1951, 14594, 30, 3, 0
3904, 1952, 14679, 49, 0, 0
3906, 1953, 14669, 74, 0, 0
3908, 1954, 14652, 32, 0, 0
3910, 1955, 14652, 58, 0, 0
3912, 1956, 14578, 518, 1, 0
3914, 1957, 14633, 44, 0, 0
3916, 1958, 14637, 45, 0, 0
3918, 1959, 14627, 57, 0, 0
3920, 1960, 14626, 43, 0, 0
3922, 1961, 14613, 52, 0, 0
3924, 1962, 14542, 88, 2, 0
3926, 1963, 14602, 37, 0, 0
3928, 1964, 14582, 32, 0, 0
3930, 1965, 14585, 49, 0, 0
3932, 1966, 14573, 32, 0, 0
3934, 1967, 14571, 48, 0, 0
3936, 1968, 14502, 69, 2, 0
3938, 1969, 14559, 44, 0, 0
3940, 1970, 14546, 34, 0, 0
3942, 1971, 15038, 48, 0, 0
3944, 1972, 15012, 32, 0, 0
3946, 1973, 11562, 30, 0, 0
3948, 1974, 14922, 33, 2, 0
3950, 1975, 15004, 85, 0, 0
3952, 1976, 14993, 51, 0, 0
3954, 1977, 14984, 88, 0, 0
3956, 1978, 14980, 50, 0, 0
3958, 1979, 14916, 190, 2, 0
3960, 1980, 14968, 46, 0, 0
3962, 1981, 14970, 67, 0, 0
3964, 1982, 14954, 50, 0, 0
3966, 1983, 14957, 38, 0, 0
3968, 1984, 14465, 33, 0, 0
3970, 1985, 14888, 38, 2, 0
3972, 1986, 14935, 45, 0, 0
3974, 1987, 14932, 52, 0, 0
3976, 1988, 14917, 41, 0, 0
3978, 1989, 14915, 45, 0, 0
3980, 1990, 14906, 70, 0, 0
3982, 1991, 14826, 37, 2, 0
3984, 1992, 14888, 65, 0, 0
3986, 1993, 13920, 35, 0, 0
3988, 1994, 14871, 55, 0, 0
3990, 1995, 11427, 43, 0, 0
3992, 1996, 14856, 36, 0, 0
3994, 1997, 14773, 90, 2, 0
3996, 1998, 14842, 51, 0, 0
3998, 1999, 14837, 38, 0, 0
4000, 2000, 14834, 32, 0, 0
4002, 2001, 14812, 75, 0, 0
4004, 2002, 14722, 746, 3, 0
4006, 2003, 14816, 38, 0, 0
4008, 2004, 14804, 43, 0, 0
4010, 2005, 14786, 39, 0, 0
4012, 2006, 13350, 29, 0, 0
4014, 2007, 14787, 39, 0, 0
4016, 2008, 14717, 37, 2, 0
4018, 2009, 14768, 38, 0, 0
4020, 2010, 14773, 68, 0, 0
4022, 2011, 14798, 32, 0, 0
4024, 2012, 14781, 38, 0, 0
4026, 2013, 14759, 48, 0, 0
4028, 2014, 14761, 72, 2, 0
4030, 2015, 12416, 31, 0, 0
4032, 2016, 14978, 34, 0, 0
4034, 2017, 14939, 78, 0, 0
4036, 2018, 14894, 37, 0, 0
4038, 2019, 14950, 82, 0, 0
4040, 2020, 14816, 50, 2, 0
4042, 2021, 14783, 74, 0, 0
4044, 2022, 14687, 42, 0, 0
4046, 2023, 14761, 66, 0, 0
4048, 2024, 14762, 55, 0, 0
4050, 2025, 14813, 36, 0, 0
4052, 2026, 11482, 27, 2, 1
4054, 2027, 14938, 53, 0, 0
4056, 2028, 15033, 39, 0, 0
4058, 2029, 15045, 57, 0, 0
4060, 2030, 14998, 92, 0, 0
4062, 2031, 14930, 45, 2, 0
4064, 2032, 14997, 42, 0, 0
4066, 2033, 14959, 35, 0, 0
4068, 2034, 15002, 60, 0, 0
4070, 2035, 15017, 33, 0, 0
4072, 2036, 15001, 36, 0, 0
4074, 2037, 14953, 34, 2, 0
4076, 2038, 14991, 66, 0, 0
4078, 2039, 11651, 29, 0, 1
4080, 2040, 14976, 38, 0, 0
4082, 2041, 14983, 49, 0, 0
4084, 2042, 14964, 30, 0, 0
4086, 2043, 14888, 46, 2, 0
4088, 2044, 14948, 60, 0, 0
4090, 2045, 14947, 86, 0, 0
4092, 2046, 14930, 36, 0, 0
4094, 2047, 14933, 90, 0, 0
4096, 2048, 14870, 860, 2, 0
4098, 2049, 14916, 72, 0, 0
4100, 2050, 14916, 51, 0, 0
4102, 2051, 14899, 71, 0, 0
4104, 2052, 14912, 36, 0, 0
4106, 2053, 14882, 30, 0, 0
4108, 2054, 11523, 47, 1, 1
4110, 2055, 14869, 64, 0, 0
4112, 2056, 14871, 91, 0, 0
4114, 2057, 14856, 28, 0, 0
4116, 2058, 14850, 88, 0, 0
4118, 2059, 14845, 30, 0, 0
4120, 2060, 14790, 81, 2, 0
4122, 2061, 14828, 50, 0, 0
4124, 2062, 14830, 43, 0, 0
4126, 2063, 14811, 53, 0, 0
4128, 2064, 14820, 34, 0, 0
4130, 2065, 14831, 50, 0, 0
4132, 2066, 14716, 66, 2, 0
4134, 2067, 14818, 47, 0, 0
4136, 2068, 14799, 61, 0, 0
4138, 2069, 14799, 27, 0, 0
4140, 2070, 14779, 65, 0, 0
4142, 2071, 14727, 46, 2, 0
4144, 2072, 14777, 55, 0, 0
4146, 2073, 14775, 65, 0, 0
4148, 2074, 14768, 30, 0, 0
4150, 2075, 14756, 67, 0, 0
4152, 2076, 14272, 28, 0, 0
4154, 2077, 14673, 67, 2, 0
4156, 2078, 14741, 89, 0, 0
4158, 2079, 14720, 30, 0, 0
4160, 2080, 14714, 84, 0, 0
4162, 2081, 14736, 37, 0, 0
4164, 2082, 14683, 28, 0, 0
4166, 2083, 14658, 51, 2, 0
4168, 2084, 14724, 68, 0, 0
4170, 2085, 14673, 50, 0, 0
4172, 2086, 14690, 30, 0, 0
4174, 2087, 11856, 29, 0, 0
4176, 2088, 14665, 29, 0, 0
4178, 2089, 14576, 45, 3, 0
4180, 2090, 14655, 55, 0, 0
4182, 2091, 14660, 27, 0, 0
4184, 2092, 14646, 54, 0, 0
4186, 2093, 14636, 77, 0, 0
4188, 2094, 14574, 30, 2, 0
4190, 2095, 14624, 29, 0, 0
4192, 2096, 12767, 29, 0, 0
4194, 2097, 14614, 36, 0, 0
4196, 2098, 12267, 48, 0, 0
4198, 2099, 14600, 52, 0, 0
4200, 2100, 14527, 29, 2, 0
4202, 2101, 14584, 31, 0, 0
4204, 2102, 14566, 125, 0, 0
4206, 2103, 14575, 53, 0, 0
4208, 2104, 14573, 73, 0, 0
4210, 2105, 14558, 32, 0, 0
4212, 2106, 14512, 72, 2, 0
4214, 2107, 14552, 49, 0, 0
4216, 2108, 14552, 59, 0, 0
4218, 2109, 14549, 32, 0, 0
4220, 2110, 14539, 61, 0, 0
4222, 2111, 11687, 33, 2, 0
4224, 2112, 14520, 36, 0, 0
4226, 2113, 14533, 32, 0, 0
4228, 2114, 14515, 49, 0, 0
4230, 2115, 14508, 73, 0, 0
4232, 2116, 14499, 36, 0, 0
4234, 2117, 14432, 62, 2, 0
4236, 2118, 14480, 50, 0, 0
4238, 2119, 14481, 41, 0, 0
4240, 2120, 14470, 30, 0, 0
4242, 2121, 14469, 40, 0, 0
4244, 2122, 12622, 28, 0, 0
4246, 2123, 14387, 32, 2, 0
4248, 2124, 14452, 71, 0, 0
4250, 2125, 14436, 36, 0, 0
4252, 2126, 14433, 69, 0, 0
4254, 2127, 14414, 34, 0, 0
4256, 2128, 14418, 67, 0, 0
4258, 2129, 14331, 33, 2, 0
4260, 2130, 14403, 55, 0, 0
4262, 2131, 14406, 37, 0, 0
4264, 2132, 14386, 37, 0, 0
4266, 2133, 14396, 32, 0, 0
4268, 2134, 14333, 38, 2, 0
4270, 2135, 14409, 42, 0, 0
4272, 2136, 14418, 38, 0, 0
4274, 2137, 14405, 75, 0, 0
4276, 2138, 14366, 36, 0, 0
4278, 2139, 14384, 32, 0, 0
4280, 2140, 14372, 40, 2, 0
4282, 2141, 14472, 29, 0, 0
4284, 2142, 14529, 34, 0, 0
4286, 2143, 14563, 33, 0, 0
4288, 2144, 11656, 31, 0, 1
4290, 2145, 14459, 40, 0, 0
4292, 2146, 14628, 32, 2, 0
4294, 2147, 14632, 30, 0, 0
4296, 2148, 14550, 39, 0, 0
4298, 2149, 14482, 31, 0, 0
4300, 2150, 14413, 70, 0, 0
4302, 2151, 14429, 51, 0, 0
4304, 2152, 14337, 60, 2, 0
4306, 2153, 14633, 30, 0, 0
4308, 2154, 14559, 36, 0, 0
4310, 2155, 14035, 42, 0, 0
4312, 2156, 14600, 61, 0, 0
4314, 2157, 14519, 39, 2, 0
4316, 2158, 14616, 33, 0, 0
4318, 2159, 14605, 54, 0, 0
4320, 2160, 14624, 34, 0, 0
4322, 2161, 14623, 38, 0, 0
4324, 2162, 14608, 46, 0, 0
4326, 2163, 14551, 35, 2, 0
4328, 2164, 11884, 34, 0, 1
4330, 2165, 14590, 39, 0, 0
4332, 2166, 14586, 44, 0, 0
4334, 2167, 14575, 36, 0, 0
4336, 2168, 14582, 44, 0, 0
4338, 2169, 14485, 52, 1, 0
4340, 2170, 14565, 80, 0, 0
4342, 2171, 14550, 34, 0, 0
4344, 2172, 14540, 40, 0, 0
4346, 2173, 14524, 36, 0, 0
4348, 2174, 14471, 40, 2, 0
4350, 2175, 14539, 45, 0, 0
4352, 2176, 14511, 38, 0, 0
4354, 2177, 14518, 42, 0, 0
4356, 2178, 14494, 37, 0, 0
4358, 2179, 14498, 35, 0, 0
4360, 2180, 14421, 38, 2, 0
4362, 2181, 14482, 42, 0, 0
4364, 2182, 14488, 57, 0, 0
4366, 2183, 14472, 62, 0, 0
4368, 2184, 14469, 47, 0, 0
4370, 2185, 14460, 61, 0, 0
4372, 2186, 14383, 53, 2, 0
4374, 2187, 14462, 35, 0, 0
4376, 2188, 14455, 44, 0, 0
4378, 2189, 14445, 35, 0, 0
4380, 2190, 13112, 29, 0, 0
4382, 2191, 14384, 583, 1, 0
4384, 2192, 14414, 39, 0, 0
4386, 2193, 14424, 47, 0, 0
4388, 2194, 14421, 65, 0, 0
4390, 2195, 14412, 46, 0, 0
4392, 2196, 14405, 58, 0, 0
4394, 2197, 14328, 40, 2, 0
4396, 2198, 14394, 37, 0, 0
4398, 2199, 14396, 44, 0, 0
4400, 2200, 14381, 30, 0, 0
4402, 2201, 12152, 36, 0, 0
4404, 2202, 14362, 38, 0, 0
4406, 2203, 14308, 32, 1, 0
4408, 2204, 14339, 45, 0, 0
4410, 2205, 14360, 64, 0, 0
4412, 2206, 14340, 46, 0, 0
4414, 2207, 14329, 61, 0, 0
4416, 2208, 14334, 45, 0, 0
4418, 2209, 14243, 53, 2, 0
4420, 2210, 14748, 36, 0, 0
4422, 2211, 14312, 32, 0, 0
4424, 2212, 14314, 32, 0, 0
4426, 2213, 14299, 43, 0, 0
4428, 2214, 13375, 37, 1, 0
4430, 2215, 14724, 55, 0, 0
4432, 2216, 14723, 45, 0, 0
4434, 2217, 14708, 58, 0, 0
4436, 2218, 14701, 78, 0, 0
4438, 2219, 14694, 46, 0, 0
4440, 2220, 14593, 72, 3, 0
4442, 2221, 14686, 35, 0, 0
4444, 2222, 14671, 41, 0, 0
4446, 2223, 13373, 30, 0, 0
4448, 2224, 14658, 32, 0, 0
4450, 2225, 13807, 30, 0, 0
4452, 2226, 14600, 33, 2, 0
4454, 2227, 14648, 44, 0, 0
4456, 2228, 14644, 35, 0, 0
4458, 2229, 14632, 42, 0, 0
4460, 2230, 14639, 36, 0, 0
4462, 2231, 14639, 67, 0, 0
4464, 2232, 14552, 46, 2, 0
4466, 2233, 14624, 60, 0, 0
4468, 2234, 11977, 30, 0, 0
4470, 2235, 14613, 58, 0, 0
4472, 2236, 14187, 36, 0, 0
4474, 2237, 14536, 32, 2, 0
4476, 2238, 14598, 61, 0, 0
4478, 2239, 14587, 49, 0, 0
4480, 2240, 14583, 67, 0, 0
4482, 2241, 14580, 47, 0, 0
4484, 2242, 14563, 58, 0, 0
4486, 2243, 14508, 46, 2, 0
4488, 2244, 14551, 70, 0, 0
4490, 2245, 14125, 31, 0, 0
4492, 2246, 14548, 29, 0, 0
4494, 2247, 14534, 34, 0, 0
4496, 2248, 14527, 30, 0, 0
4498, 2249, 14441, 30, 1, 0
4500, 2250, 14514, 79, 0, 0
4502, 2251, 14519, 66, 0, 0
4504, 2252, 14496, 49, 0, 0
4506, 2253, 14498, 70, 0, 0
4508, 2254, 14431, 199, 1, 0
4510, 2255, 14478, 30, 0, 0
4512, 2256, 11869, 24, 0, 0
4514, 2257, 14467, 56, 0, 0
4516, 2258, 14498, 41, 0, 0
4518, 2259, 14518, 63, 0, 0
4520, 2260, 14414, 52, 1, 0
4522, 2261, 14508, 54, 0, 0
4524, 2262, 14577, 86, 0, 0
4526, 2263, 14528, 62, 0, 0
4528, 2264, 14453, 73, 0, 0
4530, 2265, 14430, 32, 0, 0
4532, 2266, 14433, 29, 2, 0
4534, 2267, 14516, 53, 0, 0
4536, 2268, 14553, 57, 0, 0
4538, 2269, 14634, 44, 0, 0
4540, 2270, 14618, 37, 0, 0
4542, 2271, 13138, 25, 0, 0
4544, 2272, 14686, 28, 2, 0
4546, 2273, 14663, 25, 0, 0
4548, 2274, 14658, 26, 0, 0
4550, 2275, 14579, 72, 0, 0
4552, 2276, 14525, 30, 0, 0
4554, 2277, 14598, 82, 2, 0
4556, 2278, 14424, 53, 0, 0
4558, 2279, 14661, 70, 0, 0
4560, 2280, 14663, 46, 0, 0
4562, 2281, 14663, 64, 0, 0
4564, 2282, 11678, 29, 0, 1
4566, 2283, 14620, 82, 2, 0
4568, 2284, 14694, 28, 0, 0
4570, 2285, 14681, 59, 0, 0
4572, 2286, 14685, 85, 0, 0
4574, 2287, 14678, 76, 0, 0
4576, 2288, 14663, 29, 0, 0
4578, 2289, 14597, 31, 2, 0
4580, 2290, 14649, 68, 0, 0
4582, 2291, 13404, 30, 0, 0
4584, 2292, 14649, 30, 0, 0
4586, 2293, 14636, 49, 0, 0
4588, 2294, 14628, 52, 0, 0
4590, 2295, 14521, 65, 3, 0
4592, 2296, 14620, 35, 0, 0
4594, 2297, 14612, 30, 0, 0
4596, 2298, 14598, 31, 0, 0
4598, 2299, 14596, 29, 0, 0
4600, 2300, 14599, 41, 0, 0
4602, 2301, 14500, 31, 2, 0
4604, 2302, 14583, 47, 0, 0
4606, 2303, 14584, 60, 0, 0
4608, 2304, 14155, 33, 0, 0
4610, 2305, 14560, 38, 0, 0
4612, 2306, 14490, 28, 1, 0
4614, 2307, 14542, 53, 0, 0
4616, 2308, 14549, 66, 0, 0
4618, 2309, 14537, 46, 0, 0
4620, 2310, 14530, 41, 0, 0
4622, 2311, 14549, 34, 0, 0
4624, 2312, 14462, 70, 1, 0
4626, 2313, 14121, 40, 0, 0
4628, 2314, 14509, 40, 0, 0
4630, 2315, 14515, 42, 0, 0
4632, 2316, 14512, 56, 0, 0
4634, 2317, 14495, 41, 0, 0
4636, 2318, 14430, 49, 2, 0
4638, 2319, 14501, 54, 0, 0
4640, 2320, 14480, 48, 0, 0
4642, 2321, 14483, 63, 0, 0
4644, 2322, 14469, 42, 0, 0
4646, 2323, 14396, 153, 2, 0
4648, 2324, 14481, 59, 0, 0
4650, 2325, 14451, 45, 0, 0
4652, 2326, 14453, 36, 0, 0
4654, 2327, 14450, 56, 0, 0
4656, 2328, 14437, 38, 0, 0
4658, 2329, 14370, 51, 2, 0
4660, 2330, 14443, 54, 0, 0
4662, 2331, 14418, 30, 0, 0
4664, 2332, 14418, 32, 0, 0
4666, 2333, 14417, 31, 0, 0
4668, 2334, 14401, 32, 0, 0
4670, 2335, 14357, 32, 1, 0
4672, 2336, 14388, 53, 0, 0
4674, 2337, 14391, 41, 0, 0
4676, 2338, 14800, 56, 0, 0
4678, 2339, 14779, 42, 0, 0
4680, 2340, 14785, 56, 0, 0
4682, 2341, 14287, 38, 2, 0
4684, 2342, 14765, 37, 0, 0
4686, 2343, 14369, 57, 0, 0
4688, 2344, 14749, 31, 0, 0
4690, 2345, 14752, 62, 0, 0
4692, 2346, 14696, 37, 1, 0
4694, 2347, 14731, 32, 0, 0
4696, 2348, 14737, 46, 0, 0
4698, 2349, 14731, 58, 0, 0
4700, 2350, 14717, 79, 0, 0
4702, 2351, 14719, 32, 0, 0
4704, 2352, 14633, 67, 2, 0
4706, 2353, 14700, 48, 0, 0
4708, 2354, 14299, 50, 0, 0
4710, 2355, 14690, 50, 0, 0
4712, 2356, 14695, 58, 0, 0
4714, 2357, 14694, 30, 0, 0
4716, 2358, 14566, 68, 3, 0
4718, 2359, 13876, 33, 0, 0
4720, 2360, 14682, 39, 0, 0
4722, 2361, 14664, 76, 0, 0
4724, 2362, 14670, 38, 0, 0
4726, 2363, 14667, 67, 0, 0
4728, 2364, 14564, 51, 2, 0
4730, 2365, 14650, 39, 0, 0
4732, 2366, 14638, 45, 0, 0
4734, 2367, 14635, 54, 0, 0
4736, 2368, 14642, 43, 0, 0
4738, 2369, 14529, 47, 2, 0
4740, 2370, 14217, 33, 0, 0
4742, 2371, 14613, 50, 0, 0
4744, 2372, 14598, 45, 0, 0
4746, 2373, 14603, 54, 0, 0
4748, 2374, 14596, 40, 0, 0
4750, 2375, 14523, 35, 1, 0
4752, 2376, 14574, 39, 0, 0
4754, 2377, 14587, 36, 0, 0
4756, 2378, 14568, 60, 0, 0
4758, 2379, 14163, 36, 0, 0
4760, 2380, 14541, 54, 0, 0
4762, 2381, 14480, 32, 1, 0
4764, 2382, 14551, 38, 0, 0
4766, 2383, 14558, 63, 0, 0
4768, 2384, 14549, 50, 0, 0
4770, 2385, 14659, 39, 0, 0
4772, 2386, 14610, 53, 1, 0
4774, 2387, 14633, 67, 0, 0
4776, 2388, 12169, 30, 0, 0
4778, 2389, 14604, 53, 0, 0
4780, 2390, 14329, 31, 0, 0
4782, 2391, 14508, 58, 0, 0
4784, 2392, 14469, 46, 1, 0
4786, 2393, 14564, 40, 0, 0
4788, 2394, 14608, 48, 0, 0
4790, 2395, 14642, 51, 0, 0
4792, 2396, 14684, 41, 0, 0
4794, 2397, 14743, 43, 0, 0
4796, 2398, 14698, 47, 1, 0
4798, 2399, 12158, 35, 0, 0
4800, 2400, 14724, 48, 0, 0
4802, 2401, 12739, 34, 0, 0
4804, 2402, 14638, 34, 0, 0
4806, 2403, 14696, 35, 0, 0
4808, 2404, 14572, 43, 2, 0
4810, 2405, 14650, 74, 0, 0
4812, 2406, 14748, 40, 0, 0
4814, 2407, 14750, 68, 0, 0
4816, 2408, 14762, 37, 0, 0
4818, 2409, 14690, 70, 2, 0
4820, 2410, 14746, 51, 0, 0
4822, 2411, 14742, 67, 0, 0
4824, 2412, 14737, 30, 0, 0
4826, 2413, 14725, 71, 0, 0
4828, 2414, 12306, 29, 0, 1
4830, 2415, 14647, 70, 2, 0
4832, 2416, 14706, 53, 0, 0
4834, 2417, 14707, 53, 0, 0
4836, 2418, 14694, 42, 0, 0
4838, 2419, 14690, 53, 0, 0
4840, 2420, 14692, 44, 0, 0
4842, 2421, 14592, 34, 1, 0
4844, 2422, 14671, 62, 0, 0
4846, 2423, 14678, 49, 0, 0
4848, 2424, 14656, 41, 0, 0
4850, 2425, 13875, 33, 0, 0
4852, 2426, 14653, 36, 0, 0
4854, 2427, 14554, 28, 2, 0
4856, 2428, 14636, 52, 0, 0
4858, 2429, 14636, 45, 0, 0
4860, 2430, 14622, 43, 0, 0
4862, 2431, 14618, 43, 0, 0
4864, 2432, 14545, 35, 2, 0
4866, 2433, 14601, 42, 0, 0
4868, 2434, 12198, 34, 0, 1
4870, 2435, 14590, 67, 0, 0
4872, 2436, 12594, 30, 0, 0
4874, 2437, 14592, 38, 0, 0
4876, 2438, 14528, 69, 2, 0
4878, 2439, 14587, 55, 0, 0
4880, 2440, 14573, 57, 0, 0
4882, 2441, 14567, 48, 0, 0
4884, 2442, 14565, 57, 0, 0
4886, 2443, 14566, 38, 0, 0
4888, 2444, 14468, 57, 2, 0
4890, 2445, 14555, 48, 0, 0
4892, 2446, 14548, 34, 0, 0
4894, 2447, 12540, 30, 0, 0
4896, 2448, 14536, 49, 0, 0
4898, 2449, 14476, 130, 1, 0
4900, 2450, 14511, 37, 0, 0
4902, 2451, 14524, 45, 0, 0
4904, 2452, 14518, 45, 0, 0
4906, 2453, 14501, 84, 0, 0
4908, 2454, 14504, 40, 0, 0
4910, 2455, 14431, 38, 2, 0
4912, 2456, 14511, 44, 0, 0
4914, 2457, 14486, 34, 0, 0
4916, 2458, 14488, 94, 0, 0
4918, 2459, 14472, 31, 0, 0
4920, 2460, 14470, 45, 0, 0
4922, 2461, 14417, 50, 2, 0
4924, 2462, 14472, 47, 0, 0
4926, 2463, 14836, 61, 0, 0
4928, 2464, 14449, 32, 0, 0
4930, 2465, 14462, 45, 0, 0
4932, 2466, 14438, 39, 0, 0
4934, 2467, 12394, 29, 1, 0
4936, 2468, 14434, 49, 0, 0
4938, 2469, 14806, 93, 0, 0
4940, 2470, 14799, 54, 0, 0
4942, 2471, 14806, 82, 0, 0
4944, 2472, 14718, 30, 2, 0
4946, 2473, 14789, 32, 0, 0
4948, 2474, 14792, 29, 0, 0
4950, 2475, 14766, 60, 0, 0
4952, 2476, 12405, 29, 0, 0
4954, 2477, 14770, 69, 0, 0
4956, 2478, 14308, 29, 2, 0
4958, 2479, 14757, 27, 0, 0
4960, 2480, 14758, 79, 0, 0
4962, 2481, 14744, 30, 0, 0
4964, 2482, 14740, 80, 0, 0
4966, 2483, 14747, 30, 0, 0
4968, 2484, 14653, 73, 1, 0
4970, 2485, 14737, 51, 0, 0
4972, 2486, 14734, 28, 0, 0
4974, 2487, 13546, 29, 0, 0
4976, 2488, 14711, 36, 0, 0
4978, 2489, 12361, 32, 0, 0
4980, 2490, 14622, 59, 2, 0
4982, 2491, 14710, 78, 0, 0
4984, 2492, 14693, 28, 0, 0
4986, 2493, 14678, 88, 0, 0
4988, 2494, 14681, 29, 0, 0
4990, 2495, 14601, 81, 2, 0
4992, 2496, 14653, 50, 0, 0
4994, 2497, 14672, 62, 0, 0
4996, 2498, 14626, 28, 0, 0
4998, 2499, 14696, 64, 0, 0
5000, 2500, 14603, 55, 0, 0
Program complete!


nios2-terminal: exiting due to ^C on host

nios2-terminal: Warning: The JTAG cable you are using is not supported for Nios
nios2-terminal: II systems.  You may experience intermittent JTAG communication
nios2-terminal: failures with this cable.  Please use a USB Blaster revision B
nios2-terminal: cable or another supported cable.  Please refer to the file
nios2-terminal: errata.txt included in the Nios II development kit documents
nios2-terminal: directory for more information.

